	 PATTERN LENGTH	 SEARCH INSPECT TIMES	 CONSTRUCT INSPECT TIMES	 SEARCH TIME(ms)	 CONSTRUCT TIME(ms)	 TOTAL TIME(ms)	 FOUND POSITION	
Length of text: 1024
	 1024	 1	 0	 0	 0	 0	 -1	
Length of text: 2048
	 1024	 2199	 0	 0	 0	 0	 -1	
	 2048	 1	 0	 0	 0	 0	 -1	
Length of text: 4096
	 1024	 6639	 0	 0	 0	 0	 -1	
	 2048	 4429	 0	 0	 0	 0	 -1	
	 4096	 1	 0	 0	 0	 0	 -1	
Length of text: 8192
	 1024	 15417	 0	 0	 0	 0	 -1	
	 2048	 13199	 0	 0	 0	 0	 -1	
	 4096	 8815	 0	 0	 0	 0	 -1	
	 8192	 1	 0	 0	 0	 0	 -1	
Length of text: 16384
	 1024	 33083	 0	 0	 0	 0	 -1	
	 2048	 30825	 0	 0	 0	 0	 -1	
	 4096	 26425	 0	 0	 0	 0	 -1	
	 8192	 17571	 0	 0	 0	 0	 -1	
	 16384	 1	 0	 0	 0	 0	 -1	
Length of text: 32768
	 1024	 68665	 0	 0	 0	 0	 -1	
	 2048	 66363	 0	 1	 0	 1	 -1	
	 4096	 62129	 0	 0	 0	 0	 -1	
	 8192	 52955	 0	 0	 0	 0	 -1	
	 16384	 35443	 0	 0	 0	 0	 -1	
	 32768	 1	 0	 0	 0	 0	 -1	
Length of text: 65536
	 1024	 139081	 0	 0	 0	 0	 -1	
	 2048	 136995	 0	 0	 0	 0	 -1	
	 4096	 132529	 0	 0	 0	 0	 -1	
	 8192	 123891	 0	 0	 0	 0	 -1	
	 16384	 105931	 0	 0	 0	 0	 -1	
	 32768	 70917	 0	 0	 0	 0	 -1	
	 65536	 1	 0	 0	 0	 0	 -1	
Length of text: 131072
	 1024	 280857	 0	 0	 0	 0	 -1	
	 2048	 278563	 0	 0	 0	 0	 -1	
	 4096	 273519	 0	 0	 0	 0	 -1	
	 8192	 264999	 0	 0	 0	 0	 -1	
	 16384	 247449	 0	 0	 0	 0	 -1	
	 32768	 212059	 0	 0	 0	 0	 -1	
	 65536	 141317	 0	 0	 0	 0	 -1	
	 131072	 1	 0	 0	 0	 0	 -1	
Length of text: 262144
	 1024	 563459	 0	 1	 0	 1	 -1	
	 2048	 560987	 0	 1	 0	 1	 -1	
	 4096	 556341	 0	 1	 0	 1	 -1	
	 8192	 548157	 0	 0	 0	 0	 -1	
	 16384	 529525	 0	 0	 0	 0	 -1	
	 32768	 495035	 0	 1	 0	 1	 -1	
	 65536	 424011	 0	 0	 0	 0	 -1	
	 131072	 282705	 0	 0	 0	 0	 -1	
	 262144	 1	 0	 0	 0	 0	 -1	
Length of text: 524288
	 1024	 1128079	 0	 1	 0	 1	 -1	
	 2048	 1126655	 0	 1	 0	 1	 -1	
	 4096	 1122243	 0	 1	 0	 1	 -1	
	 8192	 1113707	 0	 1	 0	 1	 -1	
	 16384	 1095233	 0	 1	 0	 1	 -1	
	 32768	 1060349	 0	 1	 0	 1	 -1	
	 65536	 988805	 0	 1	 0	 1	 -1	
	 131072	 848007	 0	 0	 0	 0	 -1	
	 262144	 565213	 0	 0	 0	 0	 -1	
	 524288	 1	 0	 0	 0	 0	 -1	
Length of text: 1048576
	 1024	 2258811	 0	 2	 0	 2	 -1	
	 2048	 2256955	 0	 2	 0	 2	 -1	
	 4096	 2251739	 0	 2	 0	 2	 -1	
	 8192	 2243931	 0	 2	 0	 2	 -1	
	 16384	 2225491	 0	 2	 0	 2	 -1	
	 32768	 2191715	 0	 2	 0	 2	 -1	
	 65536	 2119997	 0	 2	 0	 2	 -1	
	 131072	 1979289	 0	 2	 0	 2	 -1	
	 262144	 1695969	 0	 2	 0	 2	 -1	
	 524288	 1128993	 0	 1	 0	 1	 -1	
	 1048576	 1	 0	 1	 0	 1	 -1	
Length of text: 2097152
	 1024	 4520471	 0	 4	 0	 4	 -1	
	 2048	 4518473	 0	 4	 0	 4	 -1	
	 4096	 4514481	 0	 4	 0	 4	 -1	
	 8192	 4506069	 0	 4	 0	 4	 -1	
	 16384	 4488159	 0	 4	 0	 4	 -1	
	 32768	 4452083	 0	 4	 0	 4	 -1	
	 65536	 4382129	 0	 4	 0	 4	 -1	
	 131072	 4239091	 0	 5	 0	 5	 -1	
	 262144	 3959597	 0	 4	 0	 4	 -1	
	 524288	 3391631	 0	 4	 0	 4	 -1	
	 1048576	 2261923	 0	 3	 0	 3	 -1	
	 2097152	 1	 0	 1	 0	 1	 -1	
Length of text: 4194304
	 1024	 9041967	 0	 9	 0	 9	 -1	
	 2048	 9040157	 0	 9	 0	 9	 -1	
	 4096	 9039271	 0	 9	 0	 9	 -1	
	 8192	 9028657	 0	 10	 0	 10	 -1	
	 16384	 9012631	 0	 10	 0	 10	 -1	
	 32768	 8975123	 0	 8	 0	 8	 -1	
	 65536	 8904987	 0	 9	 0	 9	 -1	
	 131072	 8763311	 0	 155	 0	 155	 -1	
	 262144	 8483319	 0	 8	 0	 8	 -1	
	 524288	 7912025	 0	 8	 0	 8	 -1	
	 1048576	 6784477	 0	 9	 0	 9	 -1	
	 2097152	 4522347	 0	 9	 0	 9	 -1	
	 4194304	 1	 0	 2	 0	 2	 -1	
