	 PATTERN LENGTH	 SEARCH INSPECT TIMES	 CONSTRUCT INSPECT TIMES	 SEARCH TIME(ms)	 CONSTRUCT TIME(ms)	 TOTAL TIME(ms)	 FOUND POSITION	
Length of text: 1024
	 1024	 1	 0	 0	 0	 0	 -1	
Length of text: 2048
	 1024	 2279	 0	 0	 0	 0	 -1	
	 2048	 1	 0	 0	 0	 0	 -1	
Length of text: 4096
	 1024	 6511	 0	 0	 0	 0	 -1	
	 2048	 4435	 0	 0	 0	 0	 -1	
	 4096	 1	 0	 0	 0	 0	 -1	
Length of text: 8192
	 1024	 15509	 0	 0	 0	 0	 -1	
	 2048	 13267	 0	 0	 0	 0	 -1	
	 4096	 8897	 0	 0	 0	 0	 -1	
	 8192	 1	 0	 0	 0	 0	 -1	
Length of text: 16384
	 1024	 33139	 0	 0	 0	 0	 -1	
	 2048	 30951	 0	 0	 0	 0	 -1	
	 4096	 26497	 0	 0	 0	 0	 -1	
	 8192	 17565	 0	 0	 0	 0	 -1	
	 16384	 1	 0	 0	 0	 0	 -1	
Length of text: 32768
	 1024	 68491	 0	 0	 0	 0	 -1	
	 2048	 66413	 0	 0	 0	 0	 -1	
	 4096	 61901	 0	 0	 0	 0	 -1	
	 8192	 53187	 0	 0	 0	 0	 -1	
	 16384	 35291	 0	 0	 0	 0	 -1	
	 32768	 1	 0	 0	 0	 0	 -1	
Length of text: 65536
	 1024	 139043	 0	 0	 0	 0	 -1	
	 2048	 136657	 0	 0	 0	 0	 -1	
	 4096	 132629	 0	 0	 0	 0	 -1	
	 8192	 123675	 0	 0	 0	 0	 -1	
	 16384	 105865	 0	 0	 0	 0	 -1	
	 32768	 70711	 0	 1	 0	 1	 -1	
	 65536	 1	 0	 0	 0	 0	 -1	
Length of text: 131072
	 1024	 280481	 0	 0	 0	 0	 -1	
	 2048	 278231	 0	 0	 0	 0	 -1	
	 4096	 274305	 0	 0	 0	 0	 -1	
	 8192	 265117	 0	 0	 0	 0	 -1	
	 16384	 247243	 0	 0	 0	 0	 -1	
	 32768	 211779	 0	 0	 0	 0	 -1	
	 65536	 141643	 0	 0	 0	 0	 -1	
	 131072	 1	 0	 0	 0	 0	 -1	
Length of text: 262144
	 1024	 563399	 0	 0	 0	 0	 -1	
	 2048	 560969	 0	 1	 0	 1	 -1	
	 4096	 556415	 0	 1	 0	 1	 -1	
	 8192	 547653	 0	 0	 0	 0	 -1	
	 16384	 529695	 0	 0	 0	 0	 -1	
	 32768	 494449	 0	 0	 0	 0	 -1	
	 65536	 423757	 0	 1	 0	 1	 -1	
	 131072	 282603	 0	 0	 0	 0	 -1	
	 262144	 1	 0	 0	 0	 0	 -1	
Length of text: 524288
	 1024	 1128027	 0	 1	 0	 1	 -1	
	 2048	 1125491	 0	 1	 0	 1	 -1	
	 4096	 1121891	 0	 1	 0	 1	 -1	
	 8192	 1113025	 0	 1	 0	 1	 -1	
	 16384	 1095431	 0	 1	 0	 1	 -1	
	 32768	 1059919	 0	 1	 0	 1	 -1	
	 65536	 988537	 0	 1	 0	 1	 -1	
	 131072	 847793	 0	 0	 0	 0	 -1	
	 262144	 565413	 0	 0	 0	 0	 -1	
	 524288	 1	 0	 1	 0	 1	 -1	
Length of text: 1048576
	 1024	 2259421	 0	 2	 0	 2	 -1	
	 2048	 2256801	 0	 1	 0	 1	 -1	
	 4096	 2254721	 0	 2	 0	 2	 -1	
	 8192	 2244609	 0	 2	 0	 2	 -1	
	 16384	 2226655	 0	 2	 0	 2	 -1	
	 32768	 2190899	 0	 1	 0	 1	 -1	
	 65536	 2120893	 0	 2	 0	 2	 -1	
	 131072	 1979183	 0	 2	 0	 2	 -1	
	 262144	 1694917	 0	 2	 0	 2	 -1	
	 524288	 1130325	 0	 2	 0	 2	 -1	
	 1048576	 1	 0	 0	 0	 0	 -1	
Length of text: 2097152
	 1024	 4519891	 0	 4	 0	 4	 -1	
	 2048	 4518545	 0	 4	 0	 4	 -1	
	 4096	 4517339	 0	 5	 0	 5	 -1	
	 8192	 4506923	 0	 5	 0	 5	 -1	
	 16384	 4488221	 0	 5	 0	 5	 -1	
	 32768	 4452717	 0	 5	 0	 5	 -1	
	 65536	 4381895	 0	 5	 0	 5	 -1	
	 131072	 4238629	 0	 4	 0	 4	 -1	
	 262144	 3958169	 0	 5	 0	 5	 -1	
	 524288	 3393235	 0	 4	 0	 4	 -1	
	 1048576	 2262603	 0	 3	 0	 3	 -1	
	 2097152	 1	 0	 1	 0	 1	 -1	
Length of text: 4194304
	 1024	 9043921	 0	 9	 0	 9	 -1	
	 2048	 9042509	 0	 9	 0	 9	 -1	
	 4096	 9035849	 0	 9	 0	 9	 -1	
	 8192	 9028039	 0	 9	 0	 9	 -1	
	 16384	 9013329	 0	 10	 0	 10	 -1	
	 32768	 8974793	 0	 9	 0	 9	 -1	
	 65536	 8906723	 0	 9	 0	 9	 -1	
	 131072	 8765267	 0	 10	 0	 10	 -1	
	 262144	 8482141	 0	 8	 0	 8	 -1	
	 524288	 7918405	 0	 8	 0	 8	 -1	
	 1048576	 6785817	 0	 9	 0	 9	 -1	
	 2097152	 4524165	 0	 5	 0	 5	 -1	
	 4194304	 1	 0	 2	 0	 2	 -1	
