	 PATTERN LENGTH	 SEARCH INSPECT TIMES	 CONSTRUCT INSPECT TIMES	 SEARCH TIME(ms)	 CONSTRUCT TIME(ms)	 TOTAL TIME(ms)	 FOUND POSITION	
Length of text: 1024
	 1024	 1	 0	 0	 0	 0	 -1	
Length of text: 2048
	 1024	 2225	 0	 0	 0	 0	 -1	
	 2048	 1	 0	 0	 0	 0	 -1	
Length of text: 4096
	 1024	 6621	 0	 0	 0	 0	 -1	
	 2048	 4433	 0	 0	 0	 0	 -1	
	 4096	 1	 0	 0	 0	 0	 -1	
Length of text: 8192
	 1024	 15509	 0	 0	 0	 0	 -1	
	 2048	 13213	 0	 0	 0	 0	 -1	
	 4096	 8849	 0	 0	 0	 0	 -1	
	 8192	 1	 0	 0	 0	 0	 -1	
Length of text: 16384
	 1024	 33489	 0	 0	 0	 0	 -1	
	 2048	 30883	 0	 0	 0	 0	 -1	
	 4096	 26461	 0	 0	 0	 0	 -1	
	 8192	 17743	 0	 0	 0	 0	 -1	
	 16384	 1	 0	 0	 0	 0	 -1	
Length of text: 32768
	 1024	 68393	 0	 0	 0	 0	 -1	
	 2048	 66291	 0	 0	 0	 0	 -1	
	 4096	 61699	 0	 0	 0	 0	 -1	
	 8192	 52749	 0	 0	 0	 0	 -1	
	 16384	 35259	 0	 0	 0	 0	 -1	
	 32768	 1	 0	 0	 0	 0	 -1	
Length of text: 65536
	 1024	 139275	 0	 0	 0	 0	 -1	
	 2048	 136871	 0	 0	 0	 0	 -1	
	 4096	 132465	 0	 0	 0	 0	 -1	
	 8192	 123809	 0	 0	 0	 0	 -1	
	 16384	 105929	 0	 0	 0	 0	 -1	
	 32768	 70771	 0	 0	 0	 0	 -1	
	 65536	 1	 0	 0	 0	 0	 -1	
Length of text: 131072
	 1024	 280353	 0	 0	 0	 0	 -1	
	 2048	 278405	 0	 1	 0	 1	 -1	
	 4096	 273697	 0	 1	 0	 1	 -1	
	 8192	 265147	 0	 1	 0	 1	 -1	
	 16384	 247583	 0	 0	 0	 0	 -1	
	 32768	 211801	 0	 0	 0	 0	 -1	
	 65536	 141359	 0	 0	 0	 0	 -1	
	 131072	 1	 0	 0	 0	 0	 -1	
Length of text: 262144
	 1024	 563787	 0	 1	 0	 1	 -1	
	 2048	 560511	 0	 0	 0	 0	 -1	
	 4096	 556099	 0	 0	 0	 0	 -1	
	 8192	 548291	 0	 1	 0	 1	 -1	
	 16384	 530663	 0	 1	 0	 1	 -1	
	 32768	 494809	 0	 1	 0	 1	 -1	
	 65536	 424683	 0	 0	 0	 0	 -1	
	 131072	 282475	 0	 0	 0	 0	 -1	
	 262144	 1	 0	 0	 0	 0	 -1	
Length of text: 524288
	 1024	 1129041	 0	 2	 0	 2	 -1	
	 2048	 1126077	 0	 1	 0	 1	 -1	
	 4096	 1121519	 0	 1	 0	 1	 -1	
	 8192	 1113189	 0	 1	 0	 1	 -1	
	 16384	 1094925	 0	 1	 0	 1	 -1	
	 32768	 1060435	 0	 2	 0	 2	 -1	
	 65536	 989603	 0	 1	 0	 1	 -1	
	 131072	 847523	 0	 1	 0	 1	 -1	
	 262144	 565505	 0	 1	 0	 1	 -1	
	 524288	 1	 0	 0	 0	 0	 -1	
Length of text: 1048576
	 1024	 2258041	 0	 2	 0	 2	 -1	
	 2048	 2256357	 0	 2	 0	 2	 -1	
	 4096	 2253119	 0	 2	 0	 2	 -1	
	 8192	 2242575	 0	 3	 0	 3	 -1	
	 16384	 2227047	 0	 2	 0	 2	 -1	
	 32768	 2191599	 0	 2	 0	 2	 -1	
	 65536	 2120121	 0	 2	 0	 2	 -1	
	 131072	 1979165	 0	 2	 0	 2	 -1	
	 262144	 1696691	 0	 2	 0	 2	 -1	
	 524288	 1130891	 0	 2	 0	 2	 -1	
	 1048576	 1	 0	 1	 0	 1	 -1	
Length of text: 2097152
	 1024	 4519945	 0	 4	 0	 4	 -1	
	 2048	 4519267	 0	 4	 0	 4	 -1	
	 4096	 4514797	 0	 5	 0	 5	 -1	
	 8192	 4505697	 0	 5	 0	 5	 -1	
	 16384	 4489423	 0	 5	 0	 5	 -1	
	 32768	 4454747	 0	 5	 0	 5	 -1	
	 65536	 4383343	 0	 4	 0	 4	 -1	
	 131072	 4241523	 0	 4	 0	 4	 -1	
	 262144	 3958159	 0	 4	 0	 4	 -1	
	 524288	 3392585	 0	 4	 0	 4	 -1	
	 1048576	 2260991	 0	 3	 0	 3	 -1	
	 2097152	 1	 0	 1	 0	 1	 -1	
Length of text: 4194304
	 1024	 9042179	 0	 10	 0	 10	 -1	
	 2048	 9044663	 0	 10	 0	 10	 -1	
	 4096	 9036807	 0	 10	 0	 10	 -1	
	 8192	 9030377	 0	 10	 0	 10	 -1	
	 16384	 9013917	 0	 10	 0	 10	 -1	
	 32768	 8980335	 0	 12	 0	 12	 -1	
	 65536	 8904753	 0	 11	 0	 11	 -1	
	 131072	 8762829	 0	 11	 0	 11	 -1	
	 262144	 8481485	 0	 10	 0	 10	 -1	
	 524288	 7915791	 0	 11	 0	 11	 -1	
	 1048576	 6784269	 0	 8	 0	 8	 -1	
	 2097152	 4521443	 0	 6	 0	 6	 -1	
	 4194304	 1	 0	 1	 0	 1	 -1	
