	 PATTERN LENGTH	 SEARCH INSPECT TIMES	 CONSTRUCT INSPECT TIMES	 SEARCH TIME(ms)	 CONSTRUCT TIME(ms)	 TOTAL TIME(ms)	 FOUND POSITION	
Length of text: 1024
	 1024	 2143	 0	 0	 0	 0	 -1	
Length of text: 2048
	 1024	 4265	 0	 0	 0	 0	 -1	
	 2048	 4293	 0	 0	 0	 0	 -1	
Length of text: 4096
	 1024	 8513	 0	 0	 0	 0	 -1	
	 2048	 8529	 0	 0	 0	 0	 -1	
	 4096	 8515	 0	 0	 0	 0	 -1	
Length of text: 8192
	 1024	 17069	 0	 0	 0	 0	 -1	
	 2048	 17043	 0	 0	 0	 0	 -1	
	 4096	 17063	 0	 0	 0	 0	 -1	
	 8192	 17023	 0	 0	 0	 0	 -1	
Length of text: 16384
	 1024	 34255	 0	 0	 0	 0	 -1	
	 2048	 34053	 0	 0	 0	 0	 -1	
	 4096	 34091	 0	 0	 0	 0	 -1	
	 8192	 34165	 0	 0	 0	 0	 -1	
	 16384	 34029	 0	 0	 0	 0	 -1	
Length of text: 32768
	 1024	 68137	 0	 0	 0	 0	 -1	
	 2048	 68189	 0	 0	 0	 0	 -1	
	 4096	 68035	 0	 0	 0	 0	 -1	
	 8192	 67997	 0	 0	 0	 0	 -1	
	 16384	 68129	 0	 0	 0	 0	 -1	
	 32768	 68023	 0	 0	 0	 0	 -1	
Length of text: 65536
	 1024	 136385	 0	 0	 0	 0	 -1	
	 2048	 136271	 0	 0	 0	 0	 -1	
	 4096	 136289	 0	 0	 0	 0	 -1	
	 8192	 136391	 0	 0	 0	 0	 -1	
	 16384	 136289	 0	 0	 0	 0	 -1	
	 32768	 136411	 0	 0	 0	 0	 -1	
	 65536	 136151	 0	 0	 0	 0	 -1	
Length of text: 131072
	 1024	 272553	 0	 0	 0	 0	 -1	
	 2048	 272711	 0	 0	 0	 0	 -1	
	 4096	 272537	 0	 0	 0	 0	 -1	
	 8192	 272717	 0	 0	 0	 0	 -1	
	 16384	 272767	 0	 0	 0	 0	 -1	
	 32768	 272503	 0	 0	 0	 0	 -1	
	 65536	 272661	 0	 0	 0	 0	 -1	
	 131072	 272649	 0	 1	 0	 1	 -1	
Length of text: 262144
	 1024	 545559	 0	 0	 0	 0	 -1	
	 2048	 544995	 0	 1	 0	 1	 -1	
	 4096	 545009	 0	 1	 0	 1	 -1	
	 8192	 545583	 0	 0	 0	 0	 -1	
	 16384	 545519	 0	 0	 0	 0	 -1	
	 32768	 545279	 0	 0	 0	 0	 -1	
	 65536	 545449	 0	 1	 0	 1	 -1	
	 131072	 544941	 0	 1	 0	 1	 -1	
	 262144	 545557	 0	 0	 0	 0	 -1	
Length of text: 524288
	 1024	 1090755	 0	 1	 0	 1	 -1	
	 2048	 1090353	 0	 1	 0	 1	 -1	
	 4096	 1090257	 0	 1	 0	 1	 -1	
	 8192	 1090531	 0	 1	 0	 1	 -1	
	 16384	 1090179	 0	 1	 0	 1	 -1	
	 32768	 1090705	 0	 1	 0	 1	 -1	
	 65536	 1090495	 0	 1	 0	 1	 -1	
	 131072	 1090213	 0	 1	 0	 1	 -1	
	 262144	 1090449	 0	 1	 0	 1	 -1	
	 524288	 1090601	 0	 1	 0	 1	 -1	
Length of text: 1048576
	 1024	 2180279	 0	 2	 0	 2	 -1	
	 2048	 2180589	 0	 2	 0	 2	 -1	
	 4096	 2181123	 0	 3	 0	 3	 -1	
	 8192	 2180265	 0	 2	 0	 2	 -1	
	 16384	 2181357	 0	 3	 0	 3	 -1	
	 32768	 2181375	 0	 3	 0	 3	 -1	
	 65536	 2180743	 0	 2	 0	 2	 -1	
	 131072	 2181129	 0	 2	 0	 2	 -1	
	 262144	 2181549	 0	 3	 0	 3	 -1	
	 524288	 2181221	 0	 2	 0	 2	 -1	
	 1048576	 2181455	 0	 2	 0	 2	 -1	
Length of text: 2097152
	 1024	 4361363	 0	 5	 0	 5	 -1	
	 2048	 4362191	 0	 5	 0	 5	 -1	
	 4096	 4362229	 0	 5	 0	 5	 -1	
	 8192	 4362013	 0	 4	 0	 4	 -1	
	 16384	 4362751	 0	 5	 0	 5	 -1	
	 32768	 4363061	 0	 4	 0	 4	 -1	
	 65536	 4362751	 0	 5	 0	 5	 -1	
	 131072	 4362703	 0	 5	 0	 5	 -1	
	 262144	 4362105	 0	 5	 0	 5	 -1	
	 524288	 4362125	 0	 5	 0	 5	 -1	
	 1048576	 4362003	 0	 6	 0	 6	 -1	
	 2097152	 4362833	 0	 5	 0	 5	 -1	
Length of text: 4194304
	 1024	 8722841	 0	 10	 0	 10	 -1	
	 2048	 8725271	 0	 10	 0	 10	 -1	
	 4096	 8723519	 0	 11	 0	 11	 -1	
	 8192	 8724835	 0	 10	 0	 10	 -1	
	 16384	 8725485	 0	 10	 0	 10	 -1	
	 32768	 8726211	 0	 12	 0	 12	 -1	
	 65536	 8723861	 0	 11	 0	 11	 -1	
	 131072	 8723479	 0	 10	 0	 10	 -1	
	 262144	 8724609	 0	 10	 0	 10	 -1	
	 524288	 8723931	 0	 11	 0	 11	 -1	
	 1048576	 8723623	 0	 11	 0	 11	 -1	
	 2097152	 8723115	 0	 9	 0	 9	 -1	
	 4194304	 8723433	 0	 11	 0	 11	 -1	
