	 PATTERN LENGTH	 SEARCH INSPECT TIMES	 CONSTRUCT INSPECT TIMES	 SEARCH TIME(ms)	 CONSTRUCT TIME(ms)	 TOTAL TIME(ms)	 FOUND POSITION	
Length of text: 1024
	 1024	 2141	 0	 0	 0	 0	 -1	
Length of text: 2048
	 1024	 4251	 0	 0	 0	 0	 -1	
	 2048	 4265	 0	 0	 0	 0	 -1	
Length of text: 4096
	 1024	 8471	 0	 0	 0	 0	 -1	
	 2048	 8539	 0	 0	 0	 0	 -1	
	 4096	 8549	 0	 0	 0	 0	 -1	
Length of text: 8192
	 1024	 17051	 0	 0	 0	 0	 -1	
	 2048	 17055	 0	 0	 0	 0	 -1	
	 4096	 17107	 0	 0	 0	 0	 -1	
	 8192	 17053	 0	 0	 0	 0	 -1	
Length of text: 16384
	 1024	 34077	 0	 0	 0	 0	 -1	
	 2048	 34103	 0	 0	 0	 0	 -1	
	 4096	 34065	 0	 0	 0	 0	 -1	
	 8192	 33955	 0	 0	 0	 0	 -1	
	 16384	 34115	 0	 0	 0	 0	 -1	
Length of text: 32768
	 1024	 68175	 0	 0	 0	 0	 -1	
	 2048	 68229	 0	 0	 0	 0	 -1	
	 4096	 68165	 0	 0	 0	 0	 -1	
	 8192	 68217	 0	 0	 0	 0	 -1	
	 16384	 68149	 0	 0	 0	 0	 -1	
	 32768	 68169	 0	 0	 0	 0	 -1	
Length of text: 65536
	 1024	 136249	 0	 0	 0	 0	 -1	
	 2048	 136137	 0	 0	 0	 0	 -1	
	 4096	 136343	 0	 0	 0	 0	 -1	
	 8192	 136287	 0	 0	 0	 0	 -1	
	 16384	 136239	 0	 0	 0	 0	 -1	
	 32768	 136221	 0	 0	 0	 0	 -1	
	 65536	 136245	 0	 0	 0	 0	 -1	
Length of text: 131072
	 1024	 272593	 0	 0	 0	 0	 -1	
	 2048	 272611	 0	 0	 0	 0	 -1	
	 4096	 272811	 0	 0	 0	 0	 -1	
	 8192	 272707	 0	 0	 0	 0	 -1	
	 16384	 272557	 0	 0	 0	 0	 -1	
	 32768	 272597	 0	 1	 0	 1	 -1	
	 65536	 272639	 0	 0	 0	 0	 -1	
	 131072	 272727	 0	 0	 0	 0	 -1	
Length of text: 262144
	 1024	 545365	 0	 1	 0	 1	 -1	
	 2048	 545237	 0	 0	 0	 0	 -1	
	 4096	 545149	 0	 0	 0	 0	 -1	
	 8192	 545117	 0	 1	 0	 1	 -1	
	 16384	 545063	 0	 1	 0	 1	 -1	
	 32768	 545109	 0	 1	 0	 1	 -1	
	 65536	 545147	 0	 0	 0	 0	 -1	
	 131072	 545237	 0	 1	 0	 1	 -1	
	 262144	 545357	 0	 0	 0	 0	 -1	
Length of text: 524288
	 1024	 1090179	 0	 1	 0	 1	 -1	
	 2048	 1090019	 0	 1	 0	 1	 -1	
	 4096	 1090479	 0	 1	 0	 1	 -1	
	 8192	 1090403	 0	 1	 0	 1	 -1	
	 16384	 1090471	 0	 1	 0	 1	 -1	
	 32768	 1090373	 0	 1	 0	 1	 -1	
	 65536	 1090127	 0	 1	 0	 1	 -1	
	 131072	 1090597	 0	 1	 0	 1	 -1	
	 262144	 1090799	 0	 2	 0	 2	 -1	
	 524288	 1090173	 0	 1	 0	 1	 -1	
Length of text: 1048576
	 1024	 2180955	 0	 3	 0	 3	 -1	
	 2048	 2180737	 0	 3	 0	 3	 -1	
	 4096	 2181957	 0	 2	 0	 2	 -1	
	 8192	 2181343	 0	 2	 0	 2	 -1	
	 16384	 2181125	 0	 1	 0	 1	 -1	
	 32768	 2181053	 0	 1	 0	 1	 -1	
	 65536	 2181443	 0	 2	 0	 2	 -1	
	 131072	 2181061	 0	 2	 0	 2	 -1	
	 262144	 2180131	 0	 2	 0	 2	 -1	
	 524288	 2180619	 0	 2	 0	 2	 -1	
	 1048576	 2180941	 0	 3	 0	 3	 -1	
Length of text: 2097152
	 1024	 4361435	 0	 4	 0	 4	 -1	
	 2048	 4361823	 0	 5	 0	 5	 -1	
	 4096	 4363553	 0	 4	 0	 4	 -1	
	 8192	 4362721	 0	 5	 0	 5	 -1	
	 16384	 4362295	 0	 5	 0	 5	 -1	
	 32768	 4361985	 0	 4	 0	 4	 -1	
	 65536	 4362143	 0	 5	 0	 5	 -1	
	 131072	 4360993	 0	 5	 0	 5	 -1	
	 262144	 4361889	 0	 4	 0	 4	 -1	
	 524288	 4362627	 0	 5	 0	 5	 -1	
	 1048576	 4363055	 0	 5	 0	 5	 -1	
	 2097152	 4361931	 0	 5	 0	 5	 -1	
Length of text: 4194304
	 1024	 8723795	 0	 10	 0	 10	 -1	
	 2048	 8724069	 0	 9	 0	 9	 -1	
	 4096	 8723201	 0	 9	 0	 9	 -1	
	 8192	 8723719	 0	 9	 0	 9	 -1	
	 16384	 8725051	 0	 9	 0	 9	 -1	
	 32768	 8723399	 0	 9	 0	 9	 -1	
	 65536	 8724817	 0	 139	 0	 139	 -1	
	 131072	 8724957	 0	 11	 0	 11	 -1	
	 262144	 8724649	 0	 9	 0	 9	 -1	
	 524288	 8725731	 0	 10	 0	 10	 -1	
	 1048576	 8724327	 0	 10	 0	 10	 -1	
	 2097152	 8725321	 0	 9	 0	 9	 -1	
	 4194304	 8723653	 0	 11	 0	 11	 -1	
