	 PATTERN LENGTH	 SEARCH INSPECT TIMES	 CONSTRUCT INSPECT TIMES	 SEARCH TIME(ms)	 CONSTRUCT TIME(ms)	 TOTAL TIME(ms)	 FOUND POSITION	
Length of text: 1024
	 1024	 2129	 0	 0	 0	 0	 -1	
Length of text: 2048
	 1024	 4263	 0	 0	 0	 0	 -1	
	 2048	 4263	 0	 0	 0	 0	 -1	
Length of text: 4096
	 1024	 8549	 0	 0	 0	 0	 -1	
	 2048	 8503	 0	 0	 0	 0	 -1	
	 4096	 8495	 0	 0	 0	 0	 -1	
Length of text: 8192
	 1024	 16991	 0	 0	 0	 0	 -1	
	 2048	 16991	 0	 0	 0	 0	 -1	
	 4096	 17051	 0	 0	 0	 0	 -1	
	 8192	 16983	 0	 0	 0	 0	 -1	
Length of text: 16384
	 1024	 34049	 0	 0	 0	 0	 -1	
	 2048	 34007	 0	 0	 0	 0	 -1	
	 4096	 34019	 0	 0	 0	 0	 -1	
	 8192	 34037	 0	 0	 0	 0	 -1	
	 16384	 34071	 0	 0	 0	 0	 -1	
Length of text: 32768
	 1024	 68259	 0	 0	 0	 0	 -1	
	 2048	 68247	 0	 0	 0	 0	 -1	
	 4096	 68255	 0	 0	 0	 0	 -1	
	 8192	 68103	 0	 0	 0	 0	 -1	
	 16384	 68139	 0	 0	 0	 0	 -1	
	 32768	 68217	 0	 0	 0	 0	 -1	
Length of text: 65536
	 1024	 136267	 0	 1	 0	 1	 -1	
	 2048	 136335	 0	 0	 0	 0	 -1	
	 4096	 136305	 0	 0	 0	 0	 -1	
	 8192	 136457	 0	 0	 0	 0	 -1	
	 16384	 136241	 0	 0	 0	 0	 -1	
	 32768	 136479	 0	 0	 0	 0	 -1	
	 65536	 136501	 0	 0	 0	 0	 -1	
Length of text: 131072
	 1024	 272815	 0	 0	 0	 0	 -1	
	 2048	 272733	 0	 1	 0	 1	 -1	
	 4096	 272431	 0	 0	 0	 0	 -1	
	 8192	 272659	 0	 0	 0	 0	 -1	
	 16384	 272659	 0	 1	 0	 1	 -1	
	 32768	 272689	 0	 0	 0	 0	 -1	
	 65536	 272601	 0	 0	 0	 0	 -1	
	 131072	 272565	 0	 0	 0	 0	 -1	
Length of text: 262144
	 1024	 545393	 0	 0	 0	 0	 -1	
	 2048	 545245	 0	 0	 0	 0	 -1	
	 4096	 545109	 0	 0	 0	 0	 -1	
	 8192	 545375	 0	 1	 0	 1	 -1	
	 16384	 545075	 0	 1	 0	 1	 -1	
	 32768	 545353	 0	 0	 0	 0	 -1	
	 65536	 545135	 0	 1	 0	 1	 -1	
	 131072	 545171	 0	 1	 0	 1	 -1	
	 262144	 545257	 0	 1	 0	 1	 -1	
Length of text: 524288
	 1024	 1090279	 0	 1	 0	 1	 -1	
	 2048	 1090655	 0	 1	 0	 1	 -1	
	 4096	 1090651	 0	 1	 0	 1	 -1	
	 8192	 1090763	 0	 1	 0	 1	 -1	
	 16384	 1090463	 0	 1	 0	 1	 -1	
	 32768	 1090667	 0	 1	 0	 1	 -1	
	 65536	 1090145	 0	 1	 0	 1	 -1	
	 131072	 1090597	 0	 1	 0	 1	 -1	
	 262144	 1090523	 0	 1	 0	 1	 -1	
	 524288	 1090745	 0	 1	 0	 1	 -1	
Length of text: 1048576
	 1024	 2180715	 0	 2	 0	 2	 -1	
	 2048	 2180813	 0	 2	 0	 2	 -1	
	 4096	 2180441	 0	 2	 0	 2	 -1	
	 8192	 2180949	 0	 2	 0	 2	 -1	
	 16384	 2180635	 0	 2	 0	 2	 -1	
	 32768	 2181261	 0	 2	 0	 2	 -1	
	 65536	 2180857	 0	 2	 0	 2	 -1	
	 131072	 2181261	 0	 2	 0	 2	 -1	
	 262144	 2180609	 0	 2	 0	 2	 -1	
	 524288	 2180493	 0	 2	 0	 2	 -1	
	 1048576	 2180969	 0	 2	 0	 2	 -1	
Length of text: 2097152
	 1024	 4361775	 0	 4	 0	 4	 -1	
	 2048	 4361779	 0	 4	 0	 4	 -1	
	 4096	 4362043	 0	 4	 0	 4	 -1	
	 8192	 4362367	 0	 4	 0	 4	 -1	
	 16384	 4362071	 0	 4	 0	 4	 -1	
	 32768	 4361867	 0	 4	 0	 4	 -1	
	 65536	 4362135	 0	 5	 0	 5	 -1	
	 131072	 4361149	 0	 4	 0	 4	 -1	
	 262144	 4362629	 0	 5	 0	 5	 -1	
	 524288	 4361153	 0	 4	 0	 4	 -1	
	 1048576	 4362305	 0	 6	 0	 6	 -1	
	 2097152	 4361771	 0	 6	 0	 6	 -1	
Length of text: 4194304
	 1024	 8722709	 0	 9	 0	 9	 -1	
	 2048	 8723109	 0	 9	 0	 9	 -1	
	 4096	 8724951	 0	 9	 0	 9	 -1	
	 8192	 8723825	 0	 9	 0	 9	 -1	
	 16384	 8724789	 0	 9	 0	 9	 -1	
	 32768	 8723537	 0	 9	 0	 9	 -1	
	 65536	 8723893	 0	 9	 0	 9	 -1	
	 131072	 8723593	 0	 9	 0	 9	 -1	
	 262144	 8725409	 0	 8	 0	 8	 -1	
	 524288	 8721995	 0	 8	 0	 8	 -1	
	 1048576	 8724197	 0	 10	 0	 10	 -1	
	 2097152	 8723297	 0	 14	 0	 14	 -1	
	 4194304	 8723223	 0	 9	 0	 9	 -1	
