	 PATTERN LENGTH	 SEARCH INSPECT TIMES	 CONSTRUCT INSPECT TIMES	 SEARCH TIME(ms)	 CONSTRUCT TIME(ms)	 TOTAL TIME(ms)	 FOUND POSITION	
Length of text: 1024
	 1024	 1024	 2047	 0	 1	 1	 -1	
Length of text: 2048
	 1024	 2048	 2047	 0	 0	 0	 -1	
	 2048	 2048	 4095	 0	 1	 1	 -1	
Length of text: 4096
	 1024	 4096	 2047	 0	 1	 1	 -1	
	 2048	 4096	 4095	 0	 1	 1	 -1	
	 4096	 4096	 8191	 0	 2	 2	 -1	
Length of text: 8192
	 1024	 8192	 2047	 0	 0	 0	 -1	
	 2048	 8192	 4095	 0	 1	 1	 -1	
	 4096	 8192	 8191	 0	 2	 2	 -1	
	 8192	 8192	 16383	 0	 5	 5	 -1	
Length of text: 16384
	 1024	 16384	 2047	 0	 0	 0	 -1	
	 2048	 16384	 4095	 0	 2	 2	 -1	
	 4096	 16384	 8191	 0	 2	 2	 -1	
	 8192	 16384	 16383	 0	 5	 5	 -1	
	 16384	 16384	 32767	 0	 9	 9	 -1	
Length of text: 32768
	 1024	 32768	 2047	 0	 1	 1	 -1	
	 2048	 32768	 4095	 0	 1	 1	 -1	
	 4096	 32768	 8191	 0	 3	 3	 -1	
	 8192	 32768	 16383	 1	 4	 5	 -1	
	 16384	 32768	 32767	 0	 8	 8	 -1	
	 32768	 32768	 65535	 0	 32	 32	 -1	
Length of text: 65536
	 1024	 65536	 2047	 0	 1	 1	 -1	
	 2048	 65536	 4095	 0	 1	 1	 -1	
	 4096	 65536	 8191	 0	 2	 2	 -1	
	 8192	 65536	 16383	 1	 5	 6	 -1	
	 16384	 65536	 32767	 0	 19	 19	 -1	
	 32768	 65536	 65535	 0	 24	 24	 -1	
	 65536	 65536	 131071	 0	 46	 46	 -1	
Length of text: 131072
	 1024	 131072	 2047	 0	 1	 1	 -1	
	 2048	 131072	 4095	 0	 1	 1	 -1	
	 4096	 131072	 8191	 0	 2	 2	 -1	
	 8192	 131072	 16383	 0	 6	 6	 -1	
	 16384	 131072	 32767	 0	 8	 8	 -1	
	 32768	 131072	 65535	 1	 21	 22	 -1	
	 65536	 131072	 131071	 1	 67	 68	 -1	
	 131072	 131072	 262143	 1	 69	 70	 -1	
Length of text: 262144
	 1024	 262144	 2047	 0	 1	 1	 -1	
	 2048	 262144	 4095	 0	 1	 1	 -1	
	 4096	 262144	 8191	 1	 2	 3	 -1	
	 8192	 262144	 16383	 0	 6	 6	 -1	
	 16384	 262144	 32767	 1	 16	 17	 -1	
	 32768	 262144	 65535	 1	 139	 140	 -1	
	 65536	 262144	 131071	 1	 73	 74	 -1	
	 131072	 262144	 262143	 1	 151	 152	 -1	
	 262144	 262144	 524287	 1	 189	 190	 -1	
Length of text: 524288
	 1024	 524288	 2047	 1	 0	 1	 -1	
	 2048	 524288	 4095	 1	 1	 2	 -1	
	 4096	 524288	 8191	 1	 3	 4	 -1	
	 8192	 524288	 16383	 2	 5	 7	 -1	
	 16384	 524288	 32767	 2	 12	 14	 -1	
	 32768	 524288	 65535	 2	 35	 37	 -1	
	 65536	 524288	 131071	 2	 40	 42	 -1	
	 131072	 524288	 262143	 2	 108	 110	 -1	
	 262144	 524288	 524287	 2	 254	 258	 -1	
	 524288	 524288	 1048575	 2	 683	 685	 -1	
Length of text: 1048576
	 1024	 1048576	 2047	 2	 1	 3	 -1	
	 2048	 1048576	 4095	 2	 1	 3	 -1	
	 4096	 1048576	 8191	 2	 3	 5	 -1	
	 8192	 1048576	 16383	 4	 4	 8	 -1	
	 16384	 1048576	 32767	 5	 23	 28	 -1	
	 32768	 1048576	 65535	 4	 32	 36	 -1	
	 65536	 1048576	 131071	 4	 46	 50	 -1	
	 131072	 1048576	 262143	 4	 112	 116	 -1	
	 262144	 1048576	 524287	 4	 221	 225	 -1	
	 524288	 1048576	 1048575	 4	 557	 561	 -1	
	 1048576	 1048576	 2097151	 4	 3907	 3911	 -1	
Length of text: 2097152
	 1024	 2097152	 2047	 3	 0	 3	 -1	
	 2048	 2097152	 4095	 3	 1	 4	 -1	
	 4096	 2097152	 8191	 4	 2	 6	 -1	
	 8192	 2097152	 16383	 6	 7	 13	 -1	
	 16384	 2097152	 32767	 7	 16	 23	 -1	
	 32768	 2097152	 65535	 7	 34	 41	 -1	
	 65536	 2097152	 131071	 7	 69	 76	 -1	
	 131072	 2097152	 262143	 8	 77	 85	 -1	
	 262144	 2097152	 524287	 6	 155	 161	 -1	
	 524288	 2097152	 1048575	 6	 517	 523	 -1	
	 1048576	 2097152	 2097151	 7	 1702	 1709	 -1	
	 2097152	 2097152	 4194303	 7	 4711	 4718	 -1	
Length of text: 4194304
	 1024	 4194304	 2047	 6	 1	 7	 -1	
	 2048	 4194304	 4095	 7	 2	 9	 -1	
	 4096	 4194304	 8191	 7	 3	 10	 -1	
	 8192	 4194304	 16383	 15	 6	 21	 -1	
	 16384	 4194304	 32767	 16	 19	 35	 -1	
	 32768	 4194304	 65535	 20	 51	 71	 -1	
	 65536	 4194304	 131071	 18	 85	 103	 -1	
	 131072	 4194304	 262143	 16	 127	 143	 -1	
	 262144	 4194304	 524287	 18	 196	 214	 -1	
	 524288	 4194304	 1048575	 18	 591	 609	 -1	
	 1048576	 4194304	 2097151	 16	 939	 955	 -1	
	 2097152	 4194304	 4194303	 16	 4539	 4555	 -1	
	 4194304	 4194304	 8388607	 14	 18810	 18824	 -1	
