	 PATTERN LENGTH	 SEARCH INSPECT TIMES	 CONSTRUCT INSPECT TIMES	 SEARCH TIME(ms)	 CONSTRUCT TIME(ms)	 TOTAL TIME(ms)	 FOUND POSITION	
Length of text: 1024
	 1024	 1024	 2047	 0	 1	 1	 -1	
Length of text: 2048
	 1024	 2048	 2047	 0	 0	 0	 -1	
	 2048	 2048	 4095	 0	 1	 1	 -1	
Length of text: 4096
	 1024	 4096	 2047	 0	 1	 1	 -1	
	 2048	 4096	 4095	 0	 1	 1	 -1	
	 4096	 4096	 8191	 0	 2	 2	 -1	
Length of text: 8192
	 1024	 8192	 2047	 0	 1	 1	 -1	
	 2048	 8192	 4095	 0	 1	 1	 -1	
	 4096	 8192	 8191	 0	 2	 2	 -1	
	 8192	 8192	 16383	 0	 5	 5	 -1	
Length of text: 16384
	 1024	 16384	 2047	 0	 1	 1	 -1	
	 2048	 16384	 4095	 0	 1	 1	 -1	
	 4096	 16384	 8191	 0	 2	 2	 -1	
	 8192	 16384	 16383	 0	 5	 5	 -1	
	 16384	 16384	 32767	 0	 20	 20	 -1	
Length of text: 32768
	 1024	 32768	 2047	 0	 1	 1	 -1	
	 2048	 32768	 4095	 0	 1	 1	 -1	
	 4096	 32768	 8191	 0	 2	 2	 -1	
	 8192	 32768	 16383	 0	 6	 6	 -1	
	 16384	 32768	 32767	 0	 17	 17	 -1	
	 32768	 32768	 65535	 0	 21	 21	 -1	
Length of text: 65536
	 1024	 65536	 2047	 1	 0	 1	 -1	
	 2048	 65536	 4095	 0	 1	 1	 -1	
	 4096	 65536	 8191	 0	 2	 2	 -1	
	 8192	 65536	 16383	 1	 3	 4	 -1	
	 16384	 65536	 32767	 0	 9	 9	 -1	
	 32768	 65536	 65535	 0	 41	 41	 -1	
	 65536	 65536	 131071	 0	 73	 73	 -1	
Length of text: 131072
	 1024	 131072	 2047	 0	 1	 1	 -1	
	 2048	 131072	 4095	 1	 1	 2	 -1	
	 4096	 131072	 8191	 0	 2	 2	 -1	
	 8192	 131072	 16383	 0	 5	 5	 -1	
	 16384	 131072	 32767	 1	 7	 8	 -1	
	 32768	 131072	 65535	 2	 30	 32	 -1	
	 65536	 131072	 131071	 1	 38	 39	 -1	
	 131072	 131072	 262143	 0	 75	 75	 -1	
Length of text: 262144
	 1024	 262144	 2047	 1	 0	 1	 -1	
	 2048	 262144	 4095	 1	 1	 2	 -1	
	 4096	 262144	 8191	 0	 2	 2	 -1	
	 8192	 262144	 16383	 1	 7	 8	 -1	
	 16384	 262144	 32767	 1	 10	 11	 -1	
	 32768	 262144	 65535	 1	 20	 21	 -1	
	 65536	 262144	 131071	 0	 143	 145	 -1	
	 131072	 262144	 262143	 1	 166	 167	 -1	
	 262144	 262144	 524287	 1	 186	 187	 -1	
Length of text: 524288
	 1024	 524288	 2047	 0	 1	 1	 -1	
	 2048	 524288	 4095	 1	 1	 2	 -1	
	 4096	 524288	 8191	 0	 2	 2	 -1	
	 8192	 524288	 16383	 2	 5	 7	 -1	
	 16384	 524288	 32767	 2	 21	 23	 -1	
	 32768	 524288	 65535	 1	 41	 42	 -1	
	 65536	 524288	 131071	 1	 59	 60	 -1	
	 131072	 524288	 262143	 2	 61	 63	 -1	
	 262144	 524288	 524287	 2	 145	 147	 -1	
	 524288	 524288	 1048575	 2	 584	 586	 -1	
Length of text: 1048576
	 1024	 1048576	 2047	 2	 0	 2	 -1	
	 2048	 1048576	 4095	 2	 0	 2	 -1	
	 4096	 1048576	 8191	 1	 3	 4	 -1	
	 8192	 1048576	 16383	 3	 4	 7	 -1	
	 16384	 1048576	 32767	 4	 9	 13	 -1	
	 32768	 1048576	 65535	 3	 19	 22	 -1	
	 65536	 1048576	 131071	 3	 99	 102	 -1	
	 131072	 1048576	 262143	 3	 48	 51	 -1	
	 262144	 1048576	 524287	 4	 288	 292	 -1	
	 524288	 1048576	 1048575	 4	 529	 533	 -1	
	 1048576	 1048576	 2097151	 4	 1655	 1659	 -1	
Length of text: 2097152
	 1024	 2097152	 2047	 3	 1	 4	 -1	
	 2048	 2097152	 4095	 3	 1	 4	 -1	
	 4096	 2097152	 8191	 4	 2	 6	 -1	
	 8192	 2097152	 16383	 7	 5	 12	 -1	
	 16384	 2097152	 32767	 8	 15	 23	 -1	
	 32768	 2097152	 65535	 7	 44	 51	 -1	
	 65536	 2097152	 131071	 8	 93	 101	 -1	
	 131072	 2097152	 262143	 7	 114	 121	 -1	
	 262144	 2097152	 524287	 7	 119	 126	 -1	
	 524288	 2097152	 1048575	 9	 457	 466	 -1	
	 1048576	 2097152	 2097151	 9	 3515	 3524	 -1	
	 2097152	 2097152	 4194303	 6	 5496	 5502	 -1	
Length of text: 4194304
	 1024	 4194304	 2047	 6	 0	 6	 -1	
	 2048	 4194304	 4095	 6	 1	 7	 -1	
	 4096	 4194304	 8191	 7	 3	 10	 -1	
	 8192	 4194304	 16383	 15	 5	 20	 -1	
	 16384	 4194304	 32767	 16	 10	 26	 -1	
	 32768	 4194304	 65535	 16	 22	 38	 -1	
	 65536	 4194304	 131071	 20	 74	 94	 -1	
	 131072	 4194304	 262143	 15	 174	 189	 -1	
	 262144	 4194304	 524287	 16	 198	 214	 -1	
	 524288	 4194304	 1048575	 14	 532	 546	 -1	
	 1048576	 4194304	 2097151	 14	 1764	 1778	 -1	
	 2097152	 4194304	 4194303	 15	 7729	 7744	 -1	
	 4194304	 4194304	 8388607	 15	 21127	 21142	 -1	
