	 PATTERN LENGTH	 SEARCH INSPECT TIMES	 CONSTRUCT INSPECT TIMES	 SEARCH TIME(ms)	 CONSTRUCT TIME(ms)	 TOTAL TIME(ms)	 FOUND POSITION	
Length of text: 1024
	 1024	 2162	 2160	 0	 0	 0	 -1	
Length of text: 2048
	 1024	 4336	 2172	 0	 0	 0	 -1	
	 2048	 4345	 4310	 0	 0	 0	 -1	
Length of text: 4096
	 1024	 8702	 2184	 0	 0	 0	 -1	
	 2048	 8633	 4364	 0	 0	 0	 -1	
	 4096	 8636	 8652	 0	 0	 0	 -1	
Length of text: 8192
	 1024	 17260	 2202	 0	 0	 0	 -1	
	 2048	 17272	 4358	 0	 0	 0	 -1	
	 4096	 17341	 8592	 0	 0	 0	 -1	
	 8192	 17254	 17351	 0	 0	 0	 -1	
Length of text: 16384
	 1024	 34595	 2142	 0	 0	 0	 -1	
	 2048	 34565	 4310	 1	 0	 1	 -1	
	 4096	 34598	 8673	 0	 0	 0	 -1	
	 8192	 34589	 17318	 0	 0	 0	 -1	
	 16384	 34643	 34590	 0	 0	 0	 -1	
Length of text: 32768
	 1024	 69430	 2160	 0	 0	 0	 -1	
	 2048	 69391	 4346	 0	 0	 0	 -1	
	 4096	 69430	 8583	 0	 0	 0	 -1	
	 8192	 69217	 17339	 0	 0	 0	 -1	
	 16384	 69313	 34746	 0	 0	 0	 -1	
	 32768	 69421	 69473	 0	 0	 0	 -1	
Length of text: 65536
	 1024	 138560	 2211	 0	 0	 0	 -1	
	 2048	 138671	 4277	 0	 0	 0	 -1	
	 4096	 138650	 8673	 0	 0	 0	 -1	
	 8192	 138884	 17375	 0	 0	 0	 -1	
	 16384	 138533	 34605	 0	 0	 0	 -1	
	 32768	 138884	 69434	 1	 0	 1	 -1	
	 65536	 138878	 138834	 0	 0	 0	 -1	
Length of text: 131072
	 1024	 277573	 2181	 0	 0	 0	 -1	
	 2048	 277495	 4331	 0	 0	 0	 -1	
	 4096	 276958	 8670	 0	 0	 0	 -1	
	 8192	 277186	 17237	 0	 0	 0	 -1	
	 16384	 277315	 34695	 0	 0	 0	 -1	
	 32768	 277474	 69257	 0	 0	 0	 -1	
	 65536	 277162	 138345	 1	 0	 1	 -1	
	 131072	 277207	 277229	 1	 0	 1	 -1	
Length of text: 262144
	 1024	 554681	 2163	 0	 0	 0	 -1	
	 2048	 554513	 4337	 0	 0	 0	 -1	
	 4096	 554297	 8691	 1	 0	 1	 -1	
	 8192	 554744	 17405	 1	 0	 1	 -1	
	 16384	 554342	 34605	 0	 0	 0	 -1	
	 32768	 554432	 69326	 0	 0	 0	 -1	
	 65536	 554384	 138486	 1	 0	 1	 -1	
	 131072	 554501	 277334	 0	 0	 0	 -1	
	 262144	 554531	 553905	 0	 0	 0	 -1	
Length of text: 524288
	 1024	 1108639	 2163	 1	 0	 1	 -1	
	 2048	 1109197	 4379	 1	 0	 1	 -1	
	 4096	 1109290	 8682	 1	 0	 1	 -1	
	 8192	 1109461	 17327	 1	 0	 1	 -1	
	 16384	 1108921	 34683	 0	 0	 1	 -1	
	 32768	 1109290	 69359	 1	 0	 1	 -1	
	 65536	 1108525	 138696	 1	 0	 1	 -1	
	 131072	 1109119	 277307	 1	 0	 1	 -1	
	 262144	 1109119	 554781	 1	 0	 1	 -1	
	 524288	 1109461	 1110122	 1	 1	 3	 -1	
Length of text: 1048576
	 1024	 2217611	 2193	 1	 0	 1	 -1	
	 2048	 2217980	 4307	 2	 0	 2	 -1	
	 4096	 2217404	 8655	 1	 0	 1	 -1	
	 8192	 2218130	 17312	 1	 0	 1	 -1	
	 16384	 2217611	 34530	 2	 0	 2	 -1	
	 32768	 2218712	 69065	 1	 0	 2	 -1	
	 65536	 2217956	 138624	 1	 0	 1	 -1	
	 131072	 2218454	 277484	 1	 0	 2	 -1	
	 262144	 2217425	 554916	 1	 1	 2	 -1	
	 524288	 2217404	 1110089	 1	 1	 2	 -1	
	 1048576	 2217941	 2218434	 1	 1	 4	 -1	
Length of text: 2097152
	 1024	 4435612	 2163	 3	 0	 3	 -1	
	 2048	 4435984	 4322	 2	 0	 3	 -1	
	 4096	 4436182	 8577	 3	 0	 4	 -1	
	 8192	 4436542	 17285	 3	 0	 4	 -1	
	 16384	 4436371	 34647	 3	 0	 5	 -1	
	 32768	 4435612	 69344	 2	 0	 3	 -1	
	 65536	 4436716	 138624	 3	 0	 4	 -1	
	 131072	 4434916	 276998	 3	 0	 4	 -1	
	 262144	 4437187	 554499	 3	 0	 4	 -1	
	 524288	 4434964	 1108964	 3	 1	 5	 -1	
	 1048576	 4436446	 2217297	 4	 2	 7	 -1	
	 2097152	 4435903	 4435844	 2	 4	 7	 -1	
Length of text: 4194304
	 1024	 8870777	 2172	 6	 0	 7	 -1	
	 2048	 8870777	 4319	 6	 0	 8	 -1	
	 4096	 8873423	 8718	 6	 0	 7	 -1	
	 8192	 8872382	 17348	 6	 0	 7	 -1	
	 16384	 8873423	 34434	 6	 0	 7	 -1	
	 32768	 8872046	 69329	 6	 0	 7	 -1	
	 65536	 8872382	 138483	 5	 0	 7	 -1	
	 131072	 8871800	 277178	 6	 0	 7	 -1	
	 262144	 8874356	 554664	 5	 0	 7	 -1	
	 524288	 8869412	 1109384	 6	 1	 9	 -1	
	 1048576	 8872046	 2218146	 9	 3	 14	 -1	
	 2097152	 8871446	 4435997	 5	 3	 10	 -1	
	 4194304	 8871488	 8873373	 4	 6	 13	 -1	
