	 PATTERN LENGTH	 SEARCH INSPECT TIMES	 CONSTRUCT INSPECT TIMES	 SEARCH TIME(ms)	 CONSTRUCT TIME(ms)	 TOTAL TIME(ms)	 FOUND POSITION	
Length of text: 1024
	 1024	 2192	 2166	 0	 0	 0	 -1	
Length of text: 2048
	 1024	 4345	 2169	 0	 0	 0	 -1	
	 2048	 4378	 4343	 0	 0	 0	 -1	
Length of text: 4096
	 1024	 8666	 2178	 0	 0	 0	 -1	
	 2048	 8666	 4289	 0	 0	 0	 -1	
	 4096	 8651	 8664	 0	 0	 0	 -1	
Length of text: 8192
	 1024	 17374	 2160	 0	 0	 0	 -1	
	 2048	 17335	 4301	 0	 0	 0	 -1	
	 4096	 17374	 8664	 0	 0	 0	 -1	
	 8192	 17302	 17387	 0	 0	 0	 -1	
Length of text: 16384
	 1024	 34940	 2157	 0	 0	 0	 -1	
	 2048	 34631	 4325	 0	 0	 0	 -1	
	 4096	 34679	 8718	 0	 0	 0	 -1	
	 8192	 34790	 17324	 0	 0	 0	 -1	
	 16384	 34577	 34677	 0	 0	 0	 -1	
Length of text: 32768
	 1024	 69295	 2175	 0	 0	 0	 -1	
	 2048	 69388	 4304	 0	 0	 0	 -1	
	 4096	 69112	 8691	 0	 0	 0	 -1	
	 8192	 69091	 17276	 0	 0	 0	 -1	
	 16384	 69286	 34659	 0	 0	 0	 -1	
	 32768	 69112	 69431	 0	 0	 0	 -1	
Length of text: 65536
	 1024	 138794	 2154	 0	 0	 0	 -1	
	 2048	 138566	 4361	 1	 0	 1	 -1	
	 4096	 138560	 8652	 0	 0	 0	 -1	
	 8192	 138794	 17318	 0	 0	 0	 -1	
	 16384	 138608	 34602	 1	 0	 1	 -1	
	 32768	 138794	 69278	 0	 0	 0	 -1	
	 65536	 138422	 138648	 0	 0	 0	 -1	
Length of text: 131072
	 1024	 277201	 2172	 0	 0	 0	 -1	
	 2048	 277318	 4322	 0	 0	 0	 -1	
	 4096	 277150	 8682	 0	 0	 0	 -1	
	 8192	 277384	 17261	 0	 0	 0	 -1	
	 16384	 277429	 34575	 0	 0	 0	 -1	
	 32768	 277081	 69332	 0	 0	 0	 -1	
	 65536	 277309	 138738	 0	 0	 0	 -1	
	 131072	 277318	 277307	 0	 0	 0	 -1	
Length of text: 262144
	 1024	 554960	 2172	 1	 0	 1	 -1	
	 2048	 554156	 4316	 1	 0	 1	 -1	
	 4096	 554171	 8667	 0	 0	 0	 -1	
	 8192	 554960	 17369	 0	 0	 1	 -1	
	 16384	 554822	 34599	 0	 0	 1	 -1	
	 32768	 554582	 69089	 1	 0	 1	 -1	
	 65536	 554822	 138603	 1	 0	 1	 -1	
	 131072	 554048	 277358	 0	 1	 1	 -1	
	 262144	 554960	 554898	 1	 0	 1	 -1	
Length of text: 524288
	 1024	 1109470	 2181	 1	 0	 1	 -1	
	 2048	 1108768	 4307	 1	 0	 1	 -1	
	 4096	 1108732	 8643	 0	 0	 0	 -1	
	 8192	 1109167	 17417	 1	 0	 1	 -1	
	 16384	 1108612	 34599	 1	 0	 1	 -1	
	 32768	 1109374	 69221	 1	 0	 1	 -1	
	 65536	 1109131	 138786	 1	 0	 1	 -1	
	 131072	 1108528	 277463	 1	 0	 1	 -1	
	 262144	 1109131	 554457	 1	 1	 2	 -1	
	 524288	 1109167	 1108820	 1	 1	 2	 -1	
Length of text: 1048576
	 1024	 2216993	 2160	 2	 0	 2	 -1	
	 2048	 2217545	 4331	 2	 0	 2	 -1	
	 4096	 2218394	 8637	 1	 0	 1	 -1	
	 8192	 2216993	 17363	 2	 0	 2	 -1	
	 16384	 2218673	 34728	 2	 0	 2	 -1	
	 32768	 2218568	 69224	 2	 0	 2	 -1	
	 65536	 2217869	 138447	 2	 0	 2	 -1	
	 131072	 2218043	 277289	 2	 1	 3	 -1	
	 262144	 2218568	 554502	 1	 0	 2	 -1	
	 524288	 2218193	 1109027	 1	 1	 3	 -1	
	 1048576	 2218568	 2217897	 1	 1	 4	 -1	
Length of text: 2097152
	 1024	 4435495	 2169	 3	 0	 4	 -1	
	 2048	 4436539	 4361	 3	 0	 3	 -1	
	 4096	 4436296	 8709	 3	 0	 4	 -1	
	 8192	 4436296	 17339	 3	 0	 4	 -1	
	 16384	 4437448	 34653	 3	 0	 3	 -1	
	 32768	 4437631	 69245	 3	 0	 4	 -1	
	 65536	 4437448	 138657	 3	 1	 4	 -1	
	 131072	 4437106	 277355	 2	 0	 3	 -1	
	 262144	 4436341	 554616	 3	 1	 4	 -1	
	 524288	 4436539	 1108847	 3	 1	 5	 -1	
	 1048576	 4436230	 2218839	 3	 1	 6	 -1	
	 2097152	 4437631	 4435265	 3	 3	 8	 -1	
Length of text: 4194304
	 1024	 8870942	 2139	 6	 0	 8	 -1	
	 2048	 8874323	 4304	 7	 0	 8	 -1	
	 4096	 8871794	 8631	 7	 0	 9	 -1	
	 8192	 8873327	 17336	 7	 0	 8	 -1	
	 16384	 8874323	 34557	 8	 0	 154	 -1	
	 32768	 8875685	 69419	 7	 0	 9	 -1	
	 65536	 8872124	 138312	 6	 0	 8	 -1	
	 131072	 8871512	 277310	 6	 1	 8	 -1	
	 262144	 8872709	 554511	 7	 0	 9	 -1	
	 524288	 8872361	 1108757	 6	 1	 9	 -1	
	 1048576	 8871743	 2217588	 6	 2	 9	 -1	
	 2097152	 8870525	 4436138	 6	 4	 11	 -1	
	 4194304	 8872124	 8872977	 5	 6	 14	 -1	
