	 PATTERN LENGTH	 SEARCH INSPECT TIMES	 CONSTRUCT INSPECT TIMES	 SEARCH TIME(ms)	 CONSTRUCT TIME(ms)	 TOTAL TIME(ms)	 FOUND POSITION	
Length of text: 1024
	 1024	 2189	 2172	 0	 0	 0	 -1	
Length of text: 2048
	 1024	 4312	 2178	 0	 0	 0	 -1	
	 2048	 4333	 4316	 0	 0	 0	 -1	
Length of text: 4096
	 1024	 8588	 2184	 0	 0	 0	 -1	
	 2048	 8693	 4331	 0	 0	 0	 -1	
	 4096	 8714	 8646	 0	 0	 0	 -1	
Length of text: 8192
	 1024	 17347	 2190	 0	 0	 0	 -1	
	 2048	 17338	 4295	 0	 0	 0	 -1	
	 4096	 17428	 8613	 0	 0	 0	 -1	
	 8192	 17353	 17363	 0	 0	 0	 -1	
Length of text: 16384
	 1024	 34661	 2130	 0	 0	 0	 -1	
	 2048	 34709	 4319	 0	 0	 0	 -1	
	 4096	 34658	 8691	 0	 0	 0	 -1	
	 8192	 34481	 17327	 0	 0	 0	 -1	
	 16384	 34715	 34542	 0	 0	 0	 -1	
Length of text: 32768
	 1024	 69352	 2157	 0	 0	 0	 -1	
	 2048	 69403	 4331	 0	 0	 0	 -1	
	 4096	 69313	 8643	 0	 0	 0	 -1	
	 8192	 69406	 17312	 0	 0	 0	 -1	
	 16384	 69295	 34677	 0	 0	 0	 -1	
	 32768	 69349	 69230	 0	 0	 0	 -1	
Length of text: 65536
	 1024	 138557	 2151	 0	 0	 0	 -1	
	 2048	 138392	 4340	 0	 0	 0	 -1	
	 4096	 138677	 8706	 0	 0	 0	 -1	
	 8192	 138617	 17318	 0	 0	 0	 -1	
	 16384	 138566	 34602	 0	 0	 0	 -1	
	 32768	 138491	 69368	 0	 0	 0	 -1	
	 65536	 138530	 138516	 0	 0	 0	 -1	
Length of text: 131072
	 1024	 277237	 2136	 0	 0	 0	 -1	
	 2048	 277237	 4313	 0	 0	 0	 -1	
	 4096	 277531	 8580	 1	 0	 1	 -1	
	 8192	 277387	 17351	 0	 0	 0	 -1	
	 16384	 277144	 34575	 0	 0	 0	 -1	
	 32768	 277237	 69239	 0	 0	 0	 -1	
	 65536	 277306	 138756	 0	 0	 0	 -1	
	 131072	 277342	 277208	 0	 1	 1	 -1	
Length of text: 262144
	 1024	 554597	 2169	 0	 0	 0	 -1	
	 2048	 554537	 4337	 0	 0	 0	 -1	
	 4096	 554387	 8709	 1	 0	 1	 -1	
	 8192	 554387	 17369	 0	 0	 0	 -1	
	 16384	 554318	 34767	 0	 0	 0	 -1	
	 32768	 554276	 69371	 0	 0	 0	 -1	
	 65536	 554342	 138528	 0	 0	 0	 -1	
	 131072	 554342	 277421	 1	 0	 1	 -1	
	 262144	 554678	 554694	 0	 0	 1	 -1	
Length of text: 524288
	 1024	 1108642	 2160	 0	 0	 1	 -1	
	 2048	 1108396	 4304	 0	 0	 0	 -1	
	 4096	 1108990	 8634	 1	 0	 1	 -1	
	 8192	 1108822	 17366	 0	 0	 0	 -1	
	 16384	 1108996	 34716	 0	 0	 0	 -1	
	 32768	 1108963	 69260	 0	 0	 0	 -1	
	 65536	 1108399	 138255	 1	 0	 1	 -1	
	 131072	 1109221	 277595	 1	 0	 1	 -1	
	 262144	 1109479	 554466	 0	 1	 1	 -1	
	 524288	 1108642	 1109108	 1	 1	 2	 -1	
Length of text: 1048576
	 1024	 2218106	 2145	 1	 0	 1	 -1	
	 2048	 2217827	 4367	 1	 0	 1	 -1	
	 4096	 2219579	 8586	 2	 0	 2	 -1	
	 8192	 2218508	 17330	 1	 0	 1	 -1	
	 16384	 2218460	 34632	 1	 0	 1	 -1	
	 32768	 2218169	 69338	 1	 0	 2	 -1	
	 65536	 2218709	 138501	 2	 0	 2	 -1	
	 131072	 2218148	 277316	 1	 1	 2	 -1	
	 262144	 2216936	 555144	 1	 0	 1	 -1	
	 524288	 2217314	 1108643	 1	 0	 2	 -1	
	 1048576	 2217971	 2218485	 1	 1	 3	 -1	
Length of text: 2097152
	 1024	 4435276	 2154	 3	 0	 5	 -1	
	 2048	 4435969	 4352	 3	 0	 3	 -1	
	 4096	 4438192	 8691	 3	 0	 3	 -1	
	 8192	 4436680	 17396	 2	 0	 3	 -1	
	 16384	 4436383	 34668	 2	 0	 3	 -1	
	 32768	 4436383	 69299	 3	 0	 4	 -1	
	 65536	 4436113	 138513	 3	 0	 4	 -1	
	 131072	 4434748	 277439	 3	 0	 4	 -1	
	 262144	 4436335	 554799	 3	 0	 5	 -1	
	 524288	 4437121	 1109105	 3	 1	 5	 -1	
	 1048576	 4437274	 2218434	 4	 3	 7	 -1	
	 2097152	 4435969	 4435202	 3	 4	 7	 -1	
Length of text: 4194304
	 1024	 8872136	 2169	 6	 0	 8	 -1	
	 2048	 8872841	 4334	 6	 0	 8	 -1	
	 4096	 8870831	 8679	 5	 0	 7	 -1	
	 8192	 8871743	 17312	 6	 0	 7	 -1	
	 16384	 8873858	 34809	 6	 0	 7	 -1	
	 32768	 8871743	 69338	 5	 0	 7	 -1	
	 65536	 8873603	 138621	 7	 0	 7	 -1	
	 131072	 8873522	 277304	 5	 0	 7	 -1	
	 262144	 8873603	 554493	 6	 1	 8	 -1	
	 524288	 8874551	 1108823	 6	 1	 9	 -1	
	 1048576	 8873177	 2218191	 5	 2	 8	 -1	
	 2097152	 8873144	 4434941	 6	 3	 12	 -1	
	 4194304	 8871995	 8873346	 5	 6	 15	 -1	
