	 PATTERN LENGTH	 SEARCH INSPECT TIMES	 CONSTRUCT INSPECT TIMES	 SEARCH TIME(ms)	 CONSTRUCT TIME(ms)	 TOTAL TIME(ms)	 FOUND POSITION	
Length of text: 1024
	 1024	 2049	 0	 0	 0	 0	 0	
Length of text: 2048
	 1024	 4745	 0	 0	 0	 0	 860	
	 2048	 4097	 0	 0	 0	 0	 0	
Length of text: 4096
	 1024	 7509	 0	 0	 0	 0	 1729	
	 2048	 4643	 0	 0	 0	 0	 174	
	 4096	 8193	 0	 0	 0	 0	 0	
Length of text: 8192
	 1024	 13155	 0	 0	 0	 0	 3515	
	 2048	 5603	 0	 0	 0	 0	 491	
	 4096	 17699	 0	 0	 0	 0	 3030	
	 8192	 16385	 0	 0	 0	 0	 0	
Length of text: 16384
	 1024	 27895	 0	 1	 0	 1	 8197	
	 2048	 36791	 0	 0	 0	 0	 10246	
	 4096	 33343	 0	 0	 0	 0	 7800	
	 8192	 28427	 0	 0	 0	 0	 3735	
	 16384	 32769	 0	 0	 0	 0	 0	
Length of text: 32768
	 1024	 83485	 0	 1	 0	 1	 25748	
	 2048	 100753	 0	 1	 0	 1	 30467	
	 4096	 29377	 0	 0	 0	 0	 6680	
	 8192	 20339	 0	 0	 0	 0	 1271	
	 16384	 64043	 0	 0	 0	 0	 9908	
	 32768	 65537	 0	 0	 0	 0	 0	
Length of text: 65536
	 1024	 18755	 0	 0	 0	 0	 5280	
	 2048	 199325	 0	 1	 0	 1	 61919	
	 4096	 122481	 0	 0	 0	 0	 35999	
	 8192	 58447	 0	 0	 0	 0	 13332	
	 16384	 133179	 0	 0	 0	 0	 31525	
	 32768	 90695	 0	 0	 0	 0	 7888	
	 65536	 131073	 0	 0	 0	 0	 0	
Length of text: 131072
	 1024	 130121	 0	 1	 0	 1	 40292	
	 2048	 351035	 0	 1	 0	 1	 109702	
	 4096	 197779	 0	 0	 0	 0	 60031	
	 8192	 50845	 0	 0	 0	 0	 10750	
	 16384	 244259	 0	 0	 0	 0	 66807	
	 32768	 257993	 0	 1	 0	 1	 60738	
	 65536	 316551	 0	 1	 0	 1	 58813	
	 131072	 262145	 0	 0	 0	 0	 0	
Length of text: 262144
	 1024	 224107	 0	 1	 0	 1	 70217	
	 2048	 29563	 0	 0	 0	 0	 8064	
	 4096	 175555	 0	 1	 0	 1	 52763	
	 8192	 228197	 0	 0	 0	 0	 66850	
	 16384	 359749	 0	 1	 0	 1	 103529	
	 32768	 684185	 0	 1	 0	 1	 196012	
	 65536	 270995	 0	 1	 0	 1	 44155	
	 131072	 263683	 0	 0	 0	 0	 474	
	 262144	 524289	 0	 0	 0	 0	 0	
Length of text: 524288
	 1024	 216757	 0	 0	 0	 0	 68075	
	 2048	 1544033	 0	 3	 0	 3	 486149	
	 4096	 139451	 0	 1	 0	 1	 41615	
	 8192	 1221421	 0	 2	 0	 2	 380444	
	 16384	 567573	 0	 1	 0	 1	 168820	
	 32768	 1466851	 0	 3	 0	 3	 442536	
	 65536	 526035	 0	 2	 0	 2	 124696	
	 131072	 948001	 0	 3	 0	 3	 216888	
	 262144	 951809	 0	 1	 0	 1	 134762	
	 524288	 1048577	 0	 0	 0	 0	 0	
Length of text: 1048576
	 1024	 951915	 0	 2	 0	 2	 299666	
	 2048	 3212333	 0	 6	 0	 6	 1013393	
	 4096	 2729595	 0	 5	 0	 5	 859232	
	 8192	 690637	 0	 1	 0	 1	 212628	
	 16384	 1954603	 0	 3	 0	 3	 606948	
	 32768	 2584153	 0	 5	 0	 5	 795065	
	 65536	 1541123	 0	 3	 0	 3	 444826	
	 131072	 2990541	 0	 6	 0	 6	 861737	
	 262144	 1670049	 0	 2	 0	 2	 361565	
	 524288	 1718043	 0	 2	 0	 2	 211180	
	 1048576	 2097153	 0	 1	 0	 1	 0	
Length of text: 2097152
	 1024	 2405493	 0	 4	 0	 4	 759088	
	 2048	 4210447	 0	 9	 0	 9	 1329247	
	 4096	 3477241	 0	 7	 0	 7	 1095903	
	 8192	 3501359	 0	 8	 0	 8	 1100166	
	 16384	 5319953	 0	 12	 0	 12	 1670318	
	 32768	 5902007	 0	 12	 0	 12	 1842411	
	 65536	 4797767	 0	 8	 0	 8	 1474216	
	 131072	 5562853	 0	 11	 0	 11	 1673331	
	 262144	 2030663	 0	 4	 0	 4	 475409	
	 524288	 3891843	 0	 6	 0	 6	 898480	
	 1048576	 4504841	 0	 6	 0	 6	 760160	
	 2097152	 4194305	 0	 4	 0	 4	 0	
Length of text: 4194304
	 1024	 6123719	 0	 13	 0	 13	 1933073	
	 2048	 4901257	 0	 11	 0	 11	 1546610	
	 4096	 9606633	 0	 21	 0	 21	 3030572	
	 8192	 3262477	 0	 9	 0	 9	 1024888	
	 16384	 9456165	 0	 22	 0	 22	 2974947	
	 32768	 6145421	 0	 15	 0	 15	 1920187	
	 65536	 406559	 0	 1	 0	 1	 87461	
	 131072	 5481907	 0	 12	 0	 12	 1648295	
	 262144	 9028097	 0	 19	 0	 19	 2685420	
	 524288	 2564895	 0	 5	 0	 5	 478729	
	 1048576	 2221149	 0	 2	 0	 2	 39179	
	 2097152	 6729667	 0	 83	 0	 83	 800613	
	 4194304	 8388609	 0	 9	 0	 9	 0	
