	 PATTERN LENGTH	 SEARCH INSPECT TIMES	 CONSTRUCT INSPECT TIMES	 SEARCH TIME(ms)	 CONSTRUCT TIME(ms)	 TOTAL TIME(ms)	 FOUND POSITION	
Length of text: 1024
	 1024	 2049	 0	 0	 0	 0	 0	
Length of text: 2048
	 1024	 2153	 0	 0	 0	 0	 32	
	 2048	 4097	 0	 0	 0	 0	 0	
Length of text: 4096
	 1024	 2609	 0	 0	 0	 0	 195	
	 2048	 4889	 0	 0	 0	 0	 266	
	 4096	 8193	 0	 0	 0	 0	 0	
Length of text: 8192
	 1024	 17877	 0	 0	 0	 0	 5035	
	 2048	 16681	 0	 0	 0	 0	 4048	
	 4096	 14913	 0	 0	 0	 0	 2127	
	 8192	 16385	 0	 0	 0	 0	 0	
Length of text: 16384
	 1024	 6909	 0	 0	 0	 0	 1536	
	 2048	 4439	 0	 0	 0	 0	 114	
	 4096	 46811	 0	 0	 0	 0	 12260	
	 8192	 32207	 0	 0	 0	 0	 5008	
	 16384	 32769	 0	 0	 0	 0	 0	
Length of text: 32768
	 1024	 64945	 0	 0	 0	 0	 19873	
	 2048	 65591	 0	 0	 0	 0	 19476	
	 4096	 47669	 0	 0	 0	 0	 12440	
	 8192	 34763	 0	 0	 0	 0	 5836	
	 16384	 69501	 0	 0	 0	 0	 11553	
	 32768	 65537	 0	 0	 0	 0	 0	
Length of text: 65536
	 1024	 161879	 0	 0	 0	 0	 50259	
	 2048	 116685	 0	 0	 0	 0	 35583	
	 4096	 118445	 0	 0	 0	 0	 34692	
	 8192	 36761	 0	 0	 0	 0	 6447	
	 16384	 42797	 0	 0	 0	 0	 3176	
	 32768	 147153	 0	 1	 0	 1	 25776	
	 65536	 131073	 0	 0	 0	 0	 0	
Length of text: 131072
	 1024	 255183	 0	 1	 0	 1	 80300	
	 2048	 112891	 0	 1	 0	 1	 34290	
	 4096	 245773	 0	 1	 0	 1	 74936	
	 8192	 125037	 0	 0	 0	 0	 34561	
	 16384	 191793	 0	 0	 0	 0	 50417	
	 32768	 367543	 0	 1	 0	 1	 95433	
	 65536	 287177	 0	 1	 0	 1	 49149	
	 131072	 262145	 0	 0	 0	 0	 0	
Length of text: 262144
	 1024	 580863	 0	 1	 0	 1	 183113	
	 2048	 392101	 0	 0	 0	 0	 122170	
	 4096	 568291	 0	 1	 0	 1	 176833	
	 8192	 689993	 0	 2	 0	 2	 213253	
	 16384	 466781	 0	 1	 0	 1	 136933	
	 32768	 726567	 0	 2	 0	 2	 209111	
	 65536	 548357	 0	 1	 0	 1	 131850	
	 131072	 655279	 0	 1	 0	 1	 123780	
	 262144	 524289	 0	 0	 0	 0	 0	
Length of text: 524288
	 1024	 1017723	 0	 2	 0	 2	 321215	
	 2048	 1047695	 0	 2	 0	 2	 329740	
	 4096	 1173605	 0	 3	 0	 3	 367939	
	 8192	 182135	 0	 0	 0	 0	 52343	
	 16384	 599741	 0	 1	 0	 1	 179391	
	 32768	 503967	 0	 1	 0	 1	 138000	
	 65536	 1100495	 0	 2	 0	 2	 306038	
	 131072	 295645	 0	 0	 0	 0	 10652	
	 262144	 1136293	 0	 1	 0	 1	 192577	
	 524288	 1048577	 0	 0	 0	 0	 0	
Length of text: 1048576
	 1024	 2212357	 0	 4	 0	 4	 698569	
	 2048	 845619	 0	 2	 0	 2	 266409	
	 4096	 2732905	 0	 6	 0	 6	 860844	
	 8192	 1651429	 0	 3	 0	 3	 516439	
	 16384	 2381165	 0	 5	 0	 5	 741510	
	 32768	 2563299	 0	 5	 0	 5	 788175	
	 65536	 247723	 0	 0	 0	 0	 36948	
	 131072	 892391	 0	 1	 0	 1	 198961	
	 262144	 934933	 0	 1	 0	 1	 129888	
	 524288	 1085781	 0	 1	 0	 1	 11679	
	 1048576	 2097153	 0	 1	 0	 1	 0	
Length of text: 2097152
	 1024	 2475445	 0	 5	 0	 5	 782463	
	 2048	 3771985	 0	 8	 0	 8	 1188613	
	 4096	 6006759	 0	 12	 0	 12	 1893030	
	 8192	 5031437	 0	 9	 0	 9	 1582141	
	 16384	 5399879	 0	 11	 0	 11	 1696007	
	 32768	 4878269	 0	 9	 0	 9	 1520227	
	 65536	 1013565	 0	 2	 0	 2	 278455	
	 131072	 6469135	 0	 13	 0	 13	 1961217	
	 262144	 4380205	 0	 9	 0	 9	 1216274	
	 524288	 4399151	 0	 8	 0	 8	 1057037	
	 1048576	 5234945	 0	 7	 0	 7	 989638	
	 2097152	 4194305	 0	 3	 0	 3	 0	
Length of text: 4194304
	 1024	 1350287	 0	 3	 0	 3	 426296	
	 2048	 4136647	 0	 8	 0	 8	 1305906	
	 4096	 1459727	 0	 3	 0	 3	 459330	
	 8192	 4881863	 0	 10	 0	 10	 1537042	
	 16384	 1003539	 0	 2	 0	 2	 307331	
	 32768	 11778119	 0	 23	 0	 23	 3697137	
	 65536	 7571615	 0	 16	 0	 16	 2349420	
	 131072	 5657035	 0	 11	 0	 11	 1703272	
	 262144	 7554697	 0	 15	 0	 15	 2219498	
	 524288	 12419663	 0	 23	 0	 23	 3589478	
	 1048576	 8111893	 0	 16	 0	 16	 1898620	
	 2097152	 5592651	 0	 7	 0	 7	 442322	
	 4194304	 8388609	 0	 7	 0	 7	 0	
