	 PATTERN LENGTH	 SEARCH INSPECT TIMES	 CONSTRUCT INSPECT TIMES	 SEARCH TIME(ms)	 CONSTRUCT TIME(ms)	 TOTAL TIME(ms)	 FOUND POSITION	
Length of text: 1024
	 1024	 2049	 0	 1	 0	 1	 0	
Length of text: 2048
	 1024	 4567	 0	 0	 0	 0	 811	
	 2048	 4097	 0	 0	 0	 0	 0	
Length of text: 4096
	 1024	 9819	 0	 0	 0	 0	 2453	
	 2048	 7299	 0	 0	 0	 0	 981	
	 4096	 8193	 0	 0	 0	 0	 0	
Length of text: 8192
	 1024	 21593	 0	 0	 0	 0	 6147	
	 2048	 23235	 0	 1	 0	 1	 6029	
	 4096	 15811	 0	 0	 0	 0	 2398	
	 8192	 16385	 0	 0	 0	 0	 0	
Length of text: 16384
	 1024	 18725	 0	 0	 0	 0	 5210	
	 2048	 31497	 0	 0	 0	 0	 8563	
	 4096	 37583	 0	 0	 0	 0	 9244	
	 8192	 26077	 0	 0	 0	 0	 3096	
	 16384	 32769	 0	 0	 0	 0	 0	
Length of text: 32768
	 1024	 35813	 0	 0	 0	 0	 10585	
	 2048	 55529	 0	 0	 0	 0	 16208	
	 4096	 62399	 0	 0	 0	 0	 17055	
	 8192	 44285	 0	 0	 0	 0	 8804	
	 16384	 82987	 0	 1	 0	 1	 15769	
	 32768	 65537	 0	 0	 0	 0	 0	
Length of text: 65536
	 1024	 58401	 0	 0	 0	 0	 17806	
	 2048	 158947	 0	 0	 0	 0	 48965	
	 4096	 42967	 0	 0	 0	 0	 11069	
	 8192	 95895	 0	 0	 0	 0	 25249	
	 16384	 175365	 0	 0	 0	 0	 45311	
	 32768	 118755	 0	 1	 0	 1	 16788	
	 65536	 131073	 0	 0	 0	 0	 0	
Length of text: 131072
	 1024	 241335	 0	 1	 0	 1	 75520	
	 2048	 45507	 0	 0	 0	 0	 13024	
	 4096	 161705	 0	 1	 0	 1	 48574	
	 8192	 293371	 0	 0	 0	 0	 87577	
	 16384	 50479	 0	 0	 0	 0	 5554	
	 32768	 141015	 0	 0	 0	 0	 23894	
	 65536	 171227	 0	 0	 0	 0	 12655	
	 131072	 262145	 0	 0	 0	 0	 0	
Length of text: 262144
	 1024	 386841	 0	 2	 0	 2	 122005	
	 2048	 472715	 0	 1	 0	 1	 147432	
	 4096	 618419	 0	 1	 0	 1	 192066	
	 8192	 676971	 0	 2	 0	 2	 209185	
	 16384	 201045	 0	 0	 0	 0	 52869	
	 32768	 390053	 0	 1	 0	 1	 103042	
	 65536	 579409	 0	 1	 0	 1	 142273	
	 131072	 371439	 0	 0	 0	 0	 34268	
	 262144	 524289	 0	 1	 0	 1	 0	
Length of text: 524288
	 1024	 347123	 0	 1	 0	 1	 108862	
	 2048	 1017097	 0	 2	 0	 2	 319548	
	 4096	 451695	 0	 1	 0	 1	 140173	
	 8192	 1138081	 0	 2	 0	 2	 354259	
	 16384	 1284595	 0	 3	 0	 3	 395409	
	 32768	 1039637	 0	 2	 0	 2	 307703	
	 65536	 232365	 0	 1	 0	 1	 31819	
	 131072	 410169	 0	 1	 0	 1	 47080	
	 262144	 916989	 0	 1	 0	 1	 123831	
	 524288	 1048577	 0	 1	 0	 1	 0	
Length of text: 1048576
	 1024	 2141153	 0	 5	 0	 5	 675332	
	 2048	 918261	 0	 2	 0	 2	 288296	
	 4096	 775251	 0	 1	 0	 1	 242245	
	 8192	 222603	 0	 1	 0	 1	 65212	
	 16384	 2170341	 0	 5	 0	 5	 675677	
	 32768	 1132881	 0	 3	 0	 3	 337003	
	 65536	 1169907	 0	 3	 0	 3	 328090	
	 131072	 1499143	 0	 3	 0	 3	 390480	
	 262144	 2352563	 0	 4	 0	 4	 577119	
	 524288	 1211981	 0	 1	 0	 1	 51668	
	 1048576	 2097153	 0	 1	 0	 1	 0	
Length of text: 2097152
	 1024	 5888605	 0	 12	 0	 12	 1859753	
	 2048	 1563357	 0	 3	 0	 3	 491521	
	 4096	 3145077	 0	 6	 0	 6	 990419	
	 8192	 1790613	 0	 4	 0	 4	 560233	
	 16384	 5434569	 0	 11	 0	 11	 1706956	
	 32768	 2999653	 0	 6	 0	 6	 926617	
	 65536	 5154157	 0	 10	 0	 10	 1584177	
	 131072	 2727441	 0	 6	 0	 6	 778389	
	 262144	 1265231	 0	 2	 0	 2	 234179	
	 524288	 5199977	 0	 10	 0	 10	 1311392	
	 1048576	 3471523	 0	 4	 0	 4	 433895	
	 2097152	 4194305	 0	 3	 0	 3	 0	
Length of text: 4194304
	 1024	 5040113	 0	 11	 0	 11	 1592216	
	 2048	 4187769	 0	 9	 0	 9	 1322020	
	 4096	 10128773	 0	 19	 0	 19	 3192572	
	 8192	 13250009	 0	 26	 0	 26	 4180277	
	 16384	 3041867	 0	 7	 0	 7	 950283	
	 32768	 11184915	 0	 20	 0	 20	 3513540	
	 65536	 12478701	 0	 24	 0	 24	 3900390	
	 131072	 326671	 0	 1	 0	 1	 20566	
	 262144	 10137013	 0	 21	 0	 21	 3032291	
	 524288	 9518105	 0	 19	 0	 19	 2671922	
	 1048576	 11659949	 0	 24	 0	 24	 3017541	
	 2097152	 5165807	 0	 6	 0	 6	 306545	
	 4194304	 8388609	 0	 7	 0	 7	 0	
