	 PATTERN LENGTH	 SEARCH INSPECT TIMES	 CONSTRUCT INSPECT TIMES	 SEARCH TIME(ms)	 CONSTRUCT TIME(ms)	 TOTAL TIME(ms)	 FOUND POSITION	
Length of text: 1024
	 1024	 2047	 0	 0	 0	 0	 0	
Length of text: 2048
	 1024	 4319	 0	 0	 0	 0	 860	
	 2048	 4095	 0	 0	 0	 0	 0	
Length of text: 4096
	 1024	 6643	 0	 0	 0	 0	 1729	
	 2048	 4553	 0	 0	 0	 0	 174	
	 4096	 8191	 0	 0	 0	 0	 0	
Length of text: 8192
	 1024	 11393	 0	 0	 0	 0	 3515	
	 2048	 5371	 0	 0	 0	 0	 491	
	 4096	 16229	 0	 0	 0	 0	 3030	
	 8192	 16383	 0	 0	 0	 0	 0	
Length of text: 16384
	 1024	 23811	 0	 0	 0	 0	 8197	
	 2048	 31525	 0	 0	 0	 0	 10246	
	 4096	 29305	 0	 1	 0	 1	 7800	
	 8192	 26463	 0	 0	 0	 0	 3735	
	 16384	 32767	 0	 0	 0	 0	 0	
Length of text: 32768
	 1024	 70663	 0	 0	 0	 0	 25748	
	 2048	 85497	 0	 0	 0	 0	 30467	
	 4096	 26037	 0	 0	 0	 0	 6680	
	 8192	 19727	 0	 0	 0	 0	 1271	
	 16384	 59115	 0	 0	 0	 0	 9908	
	 32768	 65535	 0	 0	 0	 0	 0	
Length of text: 65536
	 1024	 16139	 0	 0	 0	 0	 5280	
	 2048	 168745	 0	 0	 0	 0	 61919	
	 4096	 104423	 0	 1	 0	 1	 35999	
	 8192	 51851	 0	 1	 0	 1	 13332	
	 16384	 117215	 0	 0	 0	 0	 31525	
	 32768	 86659	 0	 1	 0	 1	 7888	
	 65536	 131071	 0	 0	 0	 0	 0	
Length of text: 131072
	 1024	 109725	 0	 0	 0	 0	 40292	
	 2048	 296423	 0	 1	 0	 1	 109702	
	 4096	 168101	 0	 1	 0	 1	 60031	
	 8192	 45277	 0	 0	 0	 0	 10750	
	 16384	 210911	 0	 1	 0	 1	 66807	
	 32768	 227559	 0	 0	 0	 0	 60738	
	 65536	 287471	 0	 0	 0	 0	 58813	
	 131072	 262143	 0	 0	 0	 0	 0	
Length of text: 262144
	 1024	 189217	 0	 0	 0	 0	 70217	
	 2048	 25573	 0	 1	 0	 1	 8064	
	 4096	 149001	 0	 0	 0	 0	 52763	
	 8192	 194841	 0	 1	 0	 1	 66850	
	 16384	 308433	 0	 1	 0	 1	 103529	
	 32768	 587001	 0	 1	 0	 1	 196012	
	 65536	 248813	 0	 0	 0	 0	 44155	
	 131072	 263421	 0	 1	 0	 1	 474	
	 262144	 524287	 0	 0	 0	 0	 0	
Length of text: 524288
	 1024	 183031	 0	 1	 0	 1	 68075	
	 2048	 1300867	 0	 3	 0	 3	 486149	
	 4096	 118839	 0	 0	 0	 0	 41615	
	 8192	 1031289	 0	 2	 0	 2	 380444	
	 16384	 483045	 0	 1	 0	 1	 168820	
	 32768	 1245425	 0	 2	 0	 2	 442536	
	 65536	 463651	 0	 1	 0	 1	 124696	
	 131072	 839841	 0	 1	 0	 1	 216888	
	 262144	 884329	 0	 2	 0	 2	 134762	
	 524288	 1048575	 0	 1	 0	 1	 0	
Length of text: 1048576
	 1024	 801777	 0	 1	 0	 1	 299666	
	 2048	 2706135	 0	 5	 0	 5	 1013393	
	 4096	 2299937	 0	 3	 0	 3	 859232	
	 8192	 583989	 0	 1	 0	 1	 212628	
	 16384	 1651357	 0	 3	 0	 3	 606948	
	 32768	 2186789	 0	 4	 0	 4	 795065	
	 65536	 1318185	 0	 2	 0	 2	 444826	
	 131072	 2559643	 0	 5	 0	 5	 861737	
	 262144	 1488943	 0	 2	 0	 2	 361565	
	 524288	 1612101	 0	 2	 0	 2	 211180	
	 1048576	 2097151	 0	 2	 0	 2	 0	
Length of text: 2097152
	 1024	 2026133	 0	 3	 0	 3	 759088	
	 2048	 3546881	 0	 6	 0	 6	 1329247	
	 4096	 2930129	 0	 4	 0	 4	 1095903	
	 8192	 2950609	 0	 4	 0	 4	 1100166	
	 16384	 4485791	 0	 9	 0	 9	 1670318	
	 32768	 4980189	 0	 8	 0	 8	 1842411	
	 65536	 4061245	 0	 6	 0	 6	 1474216	
	 131072	 4725819	 0	 8	 0	 8	 1673331	
	 262144	 1792447	 0	 3	 0	 3	 475409	
	 524288	 3443583	 0	 5	 0	 5	 898480	
	 1048576	 4124371	 0	 6	 0	 6	 760160	
	 2097152	 4194303	 0	 4	 0	 4	 0	
Length of text: 4194304
	 1024	 5157051	 0	 9	 0	 9	 1933073	
	 2048	 4128813	 0	 8	 0	 8	 1546610	
	 4096	 8089821	 0	 15	 0	 15	 3030572	
	 8192	 2749631	 0	 7	 0	 7	 1024888	
	 16384	 7967389	 0	 15	 0	 15	 2974947	
	 32768	 5185247	 0	 10	 0	 10	 1920187	
	 65536	 363475	 0	 2	 0	 2	 87461	
	 131072	 4658501	 0	 9	 0	 9	 1648295	
	 262144	 7685895	 0	 13	 0	 13	 2685420	
	 524288	 2325947	 0	 4	 0	 4	 478729	
	 1048576	 2201515	 0	 3	 0	 3	 39179	
	 2097152	 6329293	 0	 7	 0	 7	 800613	
	 4194304	 8388607	 0	 8	 0	 8	 0	
