	 PATTERN LENGTH	 SEARCH INSPECT TIMES	 CONSTRUCT INSPECT TIMES	 SEARCH TIME(ms)	 CONSTRUCT TIME(ms)	 TOTAL TIME(ms)	 FOUND POSITION	
Length of text: 1024
	 1024	 2047	 0	 0	 0	 0	 0	
Length of text: 2048
	 1024	 4181	 0	 0	 0	 0	 811	
	 2048	 4095	 0	 0	 0	 0	 0	
Length of text: 4096
	 1024	 8571	 0	 0	 0	 0	 2453	
	 2048	 6761	 0	 0	 0	 0	 981	
	 4096	 8191	 0	 0	 0	 0	 0	
Length of text: 8192
	 1024	 18477	 0	 0	 0	 0	 6147	
	 2048	 20217	 0	 0	 0	 0	 6029	
	 4096	 14601	 0	 0	 0	 0	 2398	
	 8192	 16383	 0	 0	 0	 0	 0	
Length of text: 16384
	 1024	 16065	 0	 0	 0	 0	 5210	
	 2048	 27125	 0	 0	 0	 0	 8563	
	 4096	 32851	 0	 0	 0	 0	 9244	
	 8192	 24545	 0	 0	 0	 0	 3096	
	 16384	 32767	 0	 0	 0	 0	 0	
Length of text: 32768
	 1024	 30425	 0	 0	 0	 0	 10585	
	 2048	 47399	 0	 0	 0	 0	 16208	
	 4096	 53799	 0	 0	 0	 0	 17055	
	 8192	 39843	 0	 0	 0	 0	 8804	
	 16384	 74959	 0	 0	 0	 0	 15769	
	 32768	 65535	 0	 0	 0	 0	 0	
Length of text: 65536
	 1024	 49595	 0	 0	 0	 0	 17806	
	 2048	 134509	 0	 0	 0	 0	 48965	
	 4096	 37519	 0	 1	 0	 1	 11069	
	 8192	 83351	 0	 0	 0	 0	 25249	
	 16384	 152981	 0	 1	 0	 1	 45311	
	 32768	 110355	 0	 0	 0	 0	 16788	
	 65536	 131071	 0	 0	 0	 0	 0	
Length of text: 131072
	 1024	 203685	 0	 0	 0	 0	 75520	
	 2048	 38915	 0	 0	 0	 0	 13024	
	 4096	 137453	 0	 0	 0	 0	 48574	
	 8192	 249707	 0	 1	 0	 1	 87577	
	 16384	 47621	 0	 0	 0	 0	 5554	
	 32768	 129081	 0	 0	 0	 0	 23894	
	 65536	 164833	 0	 0	 0	 0	 12655	
	 131072	 262143	 0	 1	 0	 1	 0	
Length of text: 262144
	 1024	 326629	 0	 0	 0	 0	 122005	
	 2048	 398325	 0	 0	 0	 0	 147432	
	 4096	 521583	 0	 1	 0	 1	 192066	
	 8192	 572995	 0	 0	 0	 0	 209185	
	 16384	 174293	 0	 0	 0	 0	 52869	
	 32768	 339179	 0	 0	 0	 0	 103042	
	 65536	 509161	 0	 1	 0	 1	 142273	
	 131072	 353927	 0	 1	 0	 1	 34268	
	 262144	 524287	 0	 0	 0	 0	 0	
Length of text: 524288
	 1024	 292577	 0	 1	 0	 1	 108862	
	 2048	 857101	 0	 2	 0	 2	 319548	
	 4096	 381629	 0	 0	 0	 0	 140173	
	 8192	 960909	 0	 2	 0	 2	 354259	
	 16384	 1086973	 0	 2	 0	 2	 395409	
	 32768	 885611	 0	 2	 0	 2	 307703	
	 65536	 216205	 0	 0	 0	 0	 31819	
	 131072	 387003	 0	 0	 0	 0	 47080	
	 262144	 854807	 0	 1	 0	 1	 123831	
	 524288	 1048575	 0	 1	 0	 1	 0	
Length of text: 1048576
	 1024	 1803195	 0	 3	 0	 3	 675332	
	 2048	 773697	 0	 1	 0	 1	 288296	
	 4096	 654163	 0	 1	 0	 1	 242245	
	 8192	 190217	 0	 1	 0	 1	 65212	
	 16384	 1833121	 0	 3	 0	 3	 675677	
	 32768	 964381	 0	 2	 0	 2	 337003	
	 65536	 1005923	 0	 1	 0	 1	 328090	
	 131072	 1303835	 0	 2	 0	 2	 390480	
	 262144	 2063511	 0	 3	 0	 3	 577119	
	 524288	 1186203	 0	 2	 0	 2	 51668	
	 1048576	 2097151	 0	 2	 0	 2	 0	
Length of text: 2097152
	 1024	 4960117	 0	 8	 0	 8	 1859753	
	 2048	 1316757	 0	 2	 0	 2	 491521	
	 4096	 2649331	 0	 4	 0	 4	 990419	
	 8192	 1510267	 0	 3	 0	 3	 560233	
	 16384	 4582691	 0	 8	 0	 8	 1706956	
	 32768	 2535979	 0	 4	 0	 4	 926617	
	 65536	 4359895	 0	 7	 0	 7	 1584177	
	 131072	 2337843	 0	 4	 0	 4	 778389	
	 262144	 1148269	 0	 2	 0	 2	 234179	
	 524288	 4545373	 0	 7	 0	 7	 1311392	
	 1048576	 3254535	 0	 4	 0	 4	 433895	
	 2097152	 4194303	 0	 4	 0	 4	 0	
Length of text: 4194304
	 1024	 4245743	 0	 7	 0	 7	 1592216	
	 2048	 3528253	 0	 6	 0	 6	 1322020	
	 4096	 8528423	 0	 13	 0	 13	 3192572	
	 8192	 11161699	 0	 19	 0	 19	 4180277	
	 16384	 2566625	 0	 5	 0	 5	 950283	
	 32768	 9430481	 0	 15	 0	 15	 3513540	
	 65536	 10531013	 0	 17	 0	 17	 3900390	
	 131072	 316545	 0	 1	 0	 1	 20566	
	 262144	 8616743	 0	 14	 0	 14	 3032291	
	 524288	 8177957	 0	 14	 0	 14	 2671922	
	 1048576	 10147187	 0	 17	 0	 17	 3017541	
	 2097152	 5011933	 0	 6	 0	 6	 306545	
	 4194304	 8388607	 0	 7	 0	 7	 0	
