	 PATTERN LENGTH	 SEARCH INSPECT TIMES	 CONSTRUCT INSPECT TIMES	 SEARCH TIME(ms)	 CONSTRUCT TIME(ms)	 TOTAL TIME(ms)	 FOUND POSITION	
Length of text: 1024
	 1024	 2047	 0	 0	 0	 0	 0	
Length of text: 2048
	 1024	 2133	 0	 0	 0	 0	 32	
	 2048	 4095	 0	 0	 0	 0	 0	
Length of text: 4096
	 1024	 2531	 0	 0	 0	 0	 195	
	 2048	 4785	 0	 0	 0	 0	 266	
	 4096	 8191	 0	 0	 0	 0	 0	
Length of text: 8192
	 1024	 15415	 0	 0	 0	 0	 5035	
	 2048	 14749	 0	 0	 0	 0	 4048	
	 4096	 13861	 0	 0	 0	 0	 2127	
	 8192	 16383	 0	 0	 0	 0	 0	
Length of text: 16384
	 1024	 6157	 0	 0	 0	 0	 1536	
	 2048	 4389	 0	 0	 0	 0	 114	
	 4096	 40731	 0	 0	 0	 0	 12260	
	 8192	 29715	 0	 0	 0	 0	 5008	
	 16384	 32767	 0	 0	 0	 0	 0	
Length of text: 32768
	 1024	 55063	 0	 0	 0	 0	 19873	
	 2048	 55975	 0	 0	 0	 0	 19476	
	 4096	 41469	 0	 0	 0	 0	 12440	
	 8192	 31891	 0	 0	 0	 0	 5836	
	 16384	 63651	 0	 0	 0	 0	 11553	
	 32768	 65535	 0	 0	 0	 0	 0	
Length of text: 65536
	 1024	 136505	 0	 0	 0	 0	 50259	
	 2048	 99001	 0	 1	 0	 1	 35583	
	 4096	 100891	 0	 1	 0	 1	 34692	
	 8192	 33549	 0	 0	 0	 0	 6447	
	 16384	 41207	 0	 0	 0	 0	 3176	
	 32768	 134299	 0	 0	 0	 0	 25776	
	 65536	 131071	 0	 0	 0	 0	 0	
Length of text: 131072
	 1024	 215517	 0	 0	 0	 0	 80300	
	 2048	 95691	 0	 0	 0	 0	 34290	
	 4096	 208215	 0	 0	 0	 0	 74936	
	 8192	 108191	 0	 1	 0	 1	 34561	
	 16384	 166937	 0	 0	 0	 0	 50417	
	 32768	 319885	 0	 1	 0	 1	 95433	
	 65536	 262473	 0	 0	 0	 0	 49149	
	 131072	 262143	 0	 0	 0	 0	 0	
Length of text: 262144
	 1024	 489571	 0	 1	 0	 1	 183113	
	 2048	 330503	 0	 1	 0	 1	 122170	
	 4096	 479925	 0	 1	 0	 1	 176833	
	 8192	 583879	 0	 1	 0	 1	 213253	
	 16384	 398287	 0	 1	 0	 1	 136933	
	 32768	 622537	 0	 1	 0	 1	 209111	
	 65536	 482583	 0	 0	 0	 0	 131850	
	 131072	 592849	 0	 1	 0	 1	 123780	
	 262144	 524287	 0	 1	 0	 1	 0	
Length of text: 524288
	 1024	 857701	 0	 1	 0	 1	 321215	
	 2048	 882973	 0	 1	 0	 1	 329740	
	 4096	 989535	 0	 1	 0	 1	 367939	
	 8192	 156009	 0	 0	 0	 0	 52343	
	 16384	 510397	 0	 1	 0	 1	 179391	
	 32768	 434197	 0	 1	 0	 1	 138000	
	 65536	 947417	 0	 1	 0	 1	 306038	
	 131072	 290421	 0	 1	 0	 1	 10652	
	 262144	 1039043	 0	 2	 0	 2	 192577	
	 524288	 1048575	 0	 1	 0	 1	 0	
Length of text: 1048576
	 1024	 1863613	 0	 3	 0	 3	 698569	
	 2048	 713055	 0	 1	 0	 1	 266409	
	 4096	 2303361	 0	 3	 0	 3	 860844	
	 8192	 1393595	 0	 2	 0	 2	 516439	
	 16384	 2010381	 0	 3	 0	 3	 741510	
	 32768	 2168963	 0	 3	 0	 3	 788175	
	 65536	 229345	 0	 1	 0	 1	 36948	
	 131072	 792639	 0	 1	 0	 1	 198961	
	 262144	 870147	 0	 1	 0	 1	 129888	
	 524288	 1079833	 0	 1	 0	 1	 11679	
	 1048576	 2097151	 0	 2	 0	 2	 0	
Length of text: 2097152
	 1024	 2086249	 0	 4	 0	 4	 782463	
	 2048	 3176053	 0	 5	 0	 5	 1188613	
	 4096	 5057513	 0	 8	 0	 8	 1893030	
	 8192	 4238029	 0	 6	 0	 6	 1582141	
	 16384	 4553851	 0	 7	 0	 7	 1696007	
	 32768	 4118215	 0	 7	 0	 7	 1520227	
	 65536	 874093	 0	 2	 0	 2	 278455	
	 131072	 5490259	 0	 9	 0	 9	 1961217	
	 262144	 3770407	 0	 6	 0	 6	 1216274	
	 524288	 3869075	 0	 5	 0	 5	 1057037	
	 1048576	 4738749	 0	 6	 0	 6	 989638	
	 2097152	 4194303	 0	 4	 0	 4	 0	
Length of text: 4194304
	 1024	 1137861	 0	 3	 0	 3	 426296	
	 2048	 3484601	 0	 6	 0	 6	 1305906	
	 4096	 1231119	 0	 3	 0	 3	 459330	
	 8192	 4113653	 0	 7	 0	 7	 1537042	
	 16384	 850529	 0	 2	 0	 2	 307331	
	 32768	 9927577	 0	 164	 0	 164	 3697137	
	 65536	 6396173	 0	 11	 0	 11	 2349420	
	 131072	 4805343	 0	 8	 0	 8	 1703272	
	 262144	 6443901	 0	 10	 0	 10	 2219498	
	 524288	 10622915	 0	 17	 0	 17	 3589478	
	 1048576	 7161405	 0	 11	 0	 11	 1898620	
	 2097152	 5372459	 0	 6	 0	 6	 442322	
	 4194304	 8388607	 0	 7	 0	 7	 0	
