	 PATTERN LENGTH	 SEARCH INSPECT TIMES	 CONSTRUCT INSPECT TIMES	 SEARCH TIME(ms)	 CONSTRUCT TIME(ms)	 TOTAL TIME(ms)	 FOUND POSITION	
Length of text: 1024
	 1024	 1024	 2047	 0	 1	 1	 0	
Length of text: 2048
	 1024	 1884	 2047	 0	 1	 1	 860	
	 2048	 2048	 4095	 0	 2	 2	 0	
Length of text: 4096
	 1024	 2753	 2047	 0	 1	 1	 1729	
	 2048	 2222	 4095	 0	 1	 1	 174	
	 4096	 4096	 8191	 0	 4	 4	 0	
Length of text: 8192
	 1024	 4539	 2047	 0	 1	 1	 3515	
	 2048	 2539	 4095	 0	 2	 2	 491	
	 4096	 7126	 8191	 0	 6	 6	 3030	
	 8192	 8192	 16383	 0	 9	 9	 0	
Length of text: 16384
	 1024	 9221	 2047	 0	 1	 1	 8197	
	 2048	 12294	 4095	 0	 2	 2	 10246	
	 4096	 11896	 8191	 0	 2	 2	 7800	
	 8192	 11927	 16383	 0	 8	 8	 3735	
	 16384	 16384	 32767	 1	 40	 41	 0	
Length of text: 32768
	 1024	 26772	 2047	 0	 1	 1	 25748	
	 2048	 32515	 4095	 0	 1	 1	 30467	
	 4096	 10776	 8191	 0	 4	 4	 6680	
	 8192	 9463	 16383	 1	 8	 9	 1271	
	 16384	 26292	 32767	 0	 18	 18	 9908	
	 32768	 32768	 65535	 0	 38	 38	 0	
Length of text: 65536
	 1024	 6304	 2047	 0	 2	 2	 5280	
	 2048	 63967	 4095	 0	 3	 3	 61919	
	 4096	 40095	 8191	 1	 4	 5	 35999	
	 8192	 21524	 16383	 0	 6	 6	 13332	
	 16384	 47909	 32767	 0	 16	 16	 31525	
	 32768	 40656	 65535	 0	 39	 39	 7888	
	 65536	 65536	 131071	 0	 136	 136	 0	
Length of text: 131072
	 1024	 41316	 2047	 0	 1	 1	 40292	
	 2048	 111750	 4095	 0	 1	 1	 109702	
	 4096	 64127	 8191	 0	 2	 2	 60031	
	 8192	 18942	 16383	 0	 9	 9	 10750	
	 16384	 83191	 32767	 0	 15	 15	 66807	
	 32768	 93506	 65535	 0	 50	 50	 60738	
	 65536	 124349	 131071	 0	 95	 95	 58813	
	 131072	 131072	 262143	 0	 149	 149	 0	
Length of text: 262144
	 1024	 71241	 2047	 0	 1	 1	 70217	
	 2048	 10112	 4095	 0	 1	 1	 8064	
	 4096	 56859	 8191	 0	 2	 2	 52763	
	 8192	 75042	 16383	 0	 6	 6	 66850	
	 16384	 119913	 32767	 1	 19	 20	 103529	
	 32768	 228780	 65535	 1	 24	 25	 196012	
	 65536	 109691	 131071	 0	 38	 38	 44155	
	 131072	 131546	 262143	 1	 105	 106	 474	
	 262144	 262144	 524287	 0	 138	 138	 0	
Length of text: 524288
	 1024	 69099	 2047	 1	 0	 1	 68075	
	 2048	 488197	 4095	 1	 0	 1	 486149	
	 4096	 45711	 8191	 0	 2	 2	 41615	
	 8192	 388636	 16383	 0	 4	 4	 380444	
	 16384	 185204	 32767	 0	 10	 10	 168820	
	 32768	 475304	 65535	 1	 1975	 1977	 442536	
	 65536	 190232	 131071	 1	 90	 91	 124696	
	 131072	 347960	 262143	 1	 140	 141	 216888	
	 262144	 396906	 524287	 1	 130	 131	 134762	
	 524288	 524288	 1048575	 1	 307	 308	 0	
Length of text: 1048576
	 1024	 300690	 2047	 0	 1	 1	 299666	
	 2048	 1015441	 4095	 2	 0	 2	 1013393	
	 4096	 863328	 8191	 1	 3	 4	 859232	
	 8192	 220820	 16383	 0	 4	 4	 212628	
	 16384	 623332	 32767	 1	 20	 21	 606948	
	 32768	 827833	 65535	 1	 43	 44	 795065	
	 65536	 510362	 131071	 1	 54	 55	 444826	
	 131072	 992809	 262143	 2	 94	 96	 861737	
	 262144	 623709	 524287	 1	 141	 142	 361565	
	 524288	 735468	 1048575	 1	 334	 335	 211180	
	 1048576	 1048576	 2097151	 1	 1269	 1270	 0	
Length of text: 2097152
	 1024	 760112	 2047	 1	 0	 1	 759088	
	 2048	 1331295	 4095	 2	 1	 3	 1329247	
	 4096	 1099999	 8191	 1	 2	 3	 1095903	
	 8192	 1108358	 16383	 0	 6	 6	 1100166	
	 16384	 1686702	 32767	 3	 9	 12	 1670318	
	 32768	 1875179	 65535	 3	 17	 20	 1842411	
	 65536	 1539752	 131071	 3	 35	 38	 1474216	
	 131072	 1804403	 262143	 2	 75	 77	 1673331	
	 262144	 737553	 524287	 1	 176	 177	 475409	
	 524288	 1422768	 1048575	 3	 614	 617	 898480	
	 1048576	 1808736	 2097151	 3	 1433	 1436	 760160	
	 2097152	 2097152	 4194303	 4	 4421	 4425	 0	
Length of text: 4194304
	 1024	 1934097	 2047	 3	 0	 3	 1933073	
	 2048	 1548658	 4095	 2	 1	 3	 1546610	
	 4096	 3034668	 8191	 4	 2	 6	 3030572	
	 8192	 1033080	 16383	 1	 5	 6	 1024888	
	 16384	 2991331	 32767	 4	 15	 19	 2974947	
	 32768	 1952955	 65535	 2	 48	 50	 1920187	
	 65536	 152997	 131071	 0	 49	 49	 87461	
	 131072	 1779367	 262143	 2	 85	 87	 1648295	
	 262144	 2947564	 524287	 6	 286	 292	 2685420	
	 524288	 1003017	 1048575	 2	 606	 608	 478729	
	 1048576	 1087755	 2097151	 2	 1934	 1936	 39179	
	 2097152	 2897765	 4194303	 5	 5439	 5444	 800613	
	 4194304	 4194304	 8388607	 8	 18814	 18822	 0	
