	 PATTERN LENGTH	 SEARCH INSPECT TIMES	 CONSTRUCT INSPECT TIMES	 SEARCH TIME(ms)	 CONSTRUCT TIME(ms)	 TOTAL TIME(ms)	 FOUND POSITION	
Length of text: 1024
	 1024	 1024	 2047	 0	 1	 1	 0	
Length of text: 2048
	 1024	 1056	 2047	 0	 1	 1	 32	
	 2048	 2048	 4095	 0	 1	 1	 0	
Length of text: 4096
	 1024	 1219	 2047	 0	 0	 0	 195	
	 2048	 2314	 4095	 0	 2	 2	 266	
	 4096	 4096	 8191	 0	 2	 2	 0	
Length of text: 8192
	 1024	 6059	 2047	 0	 0	 0	 5035	
	 2048	 6096	 4095	 0	 1	 1	 4048	
	 4096	 6223	 8191	 0	 2	 2	 2127	
	 8192	 8192	 16383	 0	 5	 5	 0	
Length of text: 16384
	 1024	 2560	 2047	 0	 0	 0	 1536	
	 2048	 2162	 4095	 0	 1	 1	 114	
	 4096	 16356	 8191	 0	 2	 2	 12260	
	 8192	 13200	 16383	 0	 5	 5	 5008	
	 16384	 16384	 32767	 0	 9	 9	 0	
Length of text: 32768
	 1024	 20897	 2047	 1	 0	 1	 19873	
	 2048	 21524	 4095	 0	 1	 1	 19476	
	 4096	 16536	 8191	 0	 2	 2	 12440	
	 8192	 14028	 16383	 0	 5	 5	 5836	
	 16384	 27937	 32767	 0	 7	 7	 11553	
	 32768	 32768	 65535	 0	 32	 32	 0	
Length of text: 65536
	 1024	 51283	 2047	 0	 1	 1	 50259	
	 2048	 37631	 4095	 0	 1	 1	 35583	
	 4096	 38788	 8191	 0	 1	 1	 34692	
	 8192	 14639	 16383	 0	 4	 4	 6447	
	 16384	 19560	 32767	 0	 12	 12	 3176	
	 32768	 58544	 65535	 0	 19	 19	 25776	
	 65536	 65536	 131071	 0	 47	 47	 0	
Length of text: 131072
	 1024	 81324	 2047	 0	 1	 1	 80300	
	 2048	 36338	 4095	 0	 1	 1	 34290	
	 4096	 79032	 8191	 0	 2	 2	 74936	
	 8192	 42753	 16383	 0	 5	 5	 34561	
	 16384	 66801	 32767	 0	 13	 13	 50417	
	 32768	 128201	 65535	 0	 43	 43	 95433	
	 65536	 114685	 131071	 0	 41	 41	 49149	
	 131072	 131072	 262143	 0	 79	 79	 0	
Length of text: 262144
	 1024	 184137	 2047	 1	 0	 1	 183113	
	 2048	 124218	 4095	 0	 1	 1	 122170	
	 4096	 180929	 8191	 1	 1	 2	 176833	
	 8192	 221445	 16383	 0	 8	 8	 213253	
	 16384	 153317	 32767	 0	 8	 8	 136933	
	 32768	 241879	 65535	 0	 22	 22	 209111	
	 65536	 197386	 131071	 1	 40	 41	 131850	
	 131072	 254852	 262143	 0	 205	 206	 123780	
	 262144	 262144	 524287	 1	 204	 205	 0	
Length of text: 524288
	 1024	 322239	 2047	 0	 1	 1	 321215	
	 2048	 331788	 4095	 1	 1	 2	 329740	
	 4096	 372035	 8191	 1	 2	 3	 367939	
	 8192	 60535	 16383	 0	 4	 4	 52343	
	 16384	 195775	 32767	 0	 10	 10	 179391	
	 32768	 170768	 65535	 1	 22	 23	 138000	
	 65536	 371574	 131071	 1	 86	 87	 306038	
	 131072	 141724	 262143	 0	 74	 74	 10652	
	 262144	 454721	 524287	 1	 152	 153	 192577	
	 524288	 524288	 1048575	 1	 325	 326	 0	
Length of text: 1048576
	 1024	 699593	 2047	 2	 0	 2	 698569	
	 2048	 268457	 4095	 0	 1	 1	 266409	
	 4096	 864940	 8191	 2	 2	 4	 860844	
	 8192	 524631	 16383	 1	 4	 5	 516439	
	 16384	 757894	 32767	 1	 9	 10	 741510	
	 32768	 820943	 65535	 1	 20	 21	 788175	
	 65536	 102484	 131071	 0	 35	 35	 36948	
	 131072	 330033	 262143	 0	 91	 91	 198961	
	 262144	 392032	 524287	 0	 176	 176	 129888	
	 524288	 535967	 1048575	 1	 411	 412	 11679	
	 1048576	 1048576	 2097151	 2	 1574	 1576	 0	
Length of text: 2097152
	 1024	 783487	 2047	 1	 0	 1	 782463	
	 2048	 1190661	 4095	 1	 5	 6	 1188613	
	 4096	 1897126	 8191	 2	 3	 5	 1893030	
	 8192	 1590333	 16383	 2	 5	 7	 1582141	
	 16384	 1712391	 32767	 3	 10	 13	 1696007	
	 32768	 1552995	 65535	 2	 33	 35	 1520227	
	 65536	 343991	 131071	 0	 83	 83	 278455	
	 131072	 2092289	 262143	 3	 111	 114	 1961217	
	 262144	 1478418	 524287	 2	 146	 148	 1216274	
	 524288	 1581325	 1048575	 3	 376	 379	 1057037	
	 1048576	 2038214	 2097151	 3	 1416	 1419	 989638	
	 2097152	 2097152	 4194303	 4	 6146	 6150	 0	
Length of text: 4194304
	 1024	 427320	 2047	 1	 0	 1	 426296	
	 2048	 1307954	 4095	 2	 1	 3	 1305906	
	 4096	 463426	 8191	 1	 2	 3	 459330	
	 8192	 1545234	 16383	 2	 5	 7	 1537042	
	 16384	 323715	 32767	 1	 9	 10	 307331	
	 32768	 3729905	 65535	 7	 23	 30	 3697137	
	 65536	 2414956	 131071	 3	 62	 65	 2349420	
	 131072	 1834344	 262143	 3	 110	 113	 1703272	
	 262144	 2481642	 524287	 4	 150	 154	 2219498	
	 524288	 4113766	 1048575	 6	 362	 368	 3589478	
	 1048576	 2947196	 2097151	 6	 1535	 1541	 1898620	
	 2097152	 2539474	 4194303	 4	 4119	 4123	 442322	
	 4194304	 4194304	 8388607	 8	 16924	 16932	 0	
