	 PATTERN LENGTH	 SEARCH INSPECT TIMES	 CONSTRUCT INSPECT TIMES	 SEARCH TIME(ms)	 CONSTRUCT TIME(ms)	 TOTAL TIME(ms)	 FOUND POSITION	
Length of text: 1024
	 1024	 1024	 2047	 0	 0	 0	 0	
Length of text: 2048
	 1024	 1835	 2047	 0	 1	 1	 811	
	 2048	 2048	 4095	 0	 1	 1	 0	
Length of text: 4096
	 1024	 3477	 2047	 0	 1	 1	 2453	
	 2048	 3029	 4095	 0	 1	 1	 981	
	 4096	 4096	 8191	 0	 1	 1	 0	
Length of text: 8192
	 1024	 7171	 2047	 0	 0	 0	 6147	
	 2048	 8077	 4095	 1	 0	 1	 6029	
	 4096	 6494	 8191	 0	 2	 2	 2398	
	 8192	 8192	 16383	 0	 3	 3	 0	
Length of text: 16384
	 1024	 6234	 2047	 0	 0	 0	 5210	
	 2048	 10611	 4095	 0	 1	 1	 8563	
	 4096	 13340	 8191	 0	 2	 2	 9244	
	 8192	 11288	 16383	 0	 4	 4	 3096	
	 16384	 16384	 32767	 1	 6	 7	 0	
Length of text: 32768
	 1024	 11609	 2047	 0	 0	 0	 10585	
	 2048	 18256	 4095	 0	 1	 1	 16208	
	 4096	 21151	 8191	 0	 2	 2	 17055	
	 8192	 16996	 16383	 0	 4	 4	 8804	
	 16384	 32153	 32767	 0	 9	 9	 15769	
	 32768	 32768	 65535	 0	 18	 18	 0	
Length of text: 65536
	 1024	 18830	 2047	 0	 0	 0	 17806	
	 2048	 51013	 4095	 0	 1	 1	 48965	
	 4096	 15165	 8191	 0	 1	 1	 11069	
	 8192	 33441	 16383	 0	 3	 3	 25249	
	 16384	 61695	 32767	 0	 8	 8	 45311	
	 32768	 49556	 65535	 0	 13	 13	 16788	
	 65536	 65536	 131071	 0	 40	 40	 0	
Length of text: 131072
	 1024	 76544	 2047	 1	 0	 1	 75520	
	 2048	 15072	 4095	 0	 1	 1	 13024	
	 4096	 52670	 8191	 0	 2	 2	 48574	
	 8192	 95769	 16383	 0	 4	 4	 87577	
	 16384	 21938	 32767	 0	 8	 8	 5554	
	 32768	 56662	 65535	 0	 16	 16	 23894	
	 65536	 78191	 131071	 0	 48	 48	 12655	
	 131072	 131072	 262143	 0	 205	 205	 0	
Length of text: 262144
	 1024	 123029	 2047	 0	 0	 0	 122005	
	 2048	 149480	 4095	 1	 1	 2	 147432	
	 4096	 196162	 8191	 0	 3	 3	 192066	
	 8192	 217377	 16383	 0	 5	 5	 209185	
	 16384	 69253	 32767	 0	 11	 11	 52869	
	 32768	 135810	 65535	 0	 32	 35	 103042	
	 65536	 207809	 131071	 0	 38	 38	 142273	
	 131072	 165340	 262143	 0	 1913	 1913	 34268	
	 262144	 262144	 524287	 1	 222	 223	 0	
Length of text: 524288
	 1024	 109886	 2047	 0	 0	 0	 108862	
	 2048	 321596	 4095	 1	 0	 1	 319548	
	 4096	 144269	 8191	 0	 3	 3	 140173	
	 8192	 362451	 16383	 0	 4	 4	 354259	
	 16384	 411793	 32767	 1	 9	 10	 395409	
	 32768	 340471	 65535	 0	 16	 16	 307703	
	 65536	 97355	 131071	 0	 45	 45	 31819	
	 131072	 178152	 262143	 0	 123	 123	 47080	
	 262144	 385975	 524287	 1	 170	 171	 123831	
	 524288	 524288	 1048575	 1	 374	 375	 0	
Length of text: 1048576
	 1024	 676356	 2047	 1	 0	 1	 675332	
	 2048	 290344	 4095	 1	 1	 2	 288296	
	 4096	 246341	 8191	 0	 3	 3	 242245	
	 8192	 73404	 16383	 0	 4	 4	 65212	
	 16384	 692061	 32767	 1	 7	 8	 675677	
	 32768	 369771	 65535	 1	 19	 20	 337003	
	 65536	 393626	 131071	 1	 70	 71	 328090	
	 131072	 521552	 262143	 1	 173	 174	 390480	
	 262144	 839263	 524287	 2	 170	 172	 577119	
	 524288	 575956	 1048575	 1	 543	 544	 51668	
	 1048576	 1048576	 2097151	 2	 3270	 3272	 0	
Length of text: 2097152
	 1024	 1860777	 2047	 2	 1	 3	 1859753	
	 2048	 493569	 4095	 1	 1	 2	 491521	
	 4096	 994515	 8191	 1	 2	 3	 990419	
	 8192	 568425	 16383	 0	 5	 5	 560233	
	 16384	 1723340	 32767	 3	 22	 25	 1706956	
	 32768	 959385	 65535	 1	 32	 33	 926617	
	 65536	 1649713	 131071	 2	 55	 57	 1584177	
	 131072	 909461	 262143	 2	 91	 93	 778389	
	 262144	 496323	 524287	 1	 123	 124	 234179	
	 524288	 1835680	 1048575	 3	 378	 381	 1311392	
	 1048576	 1482471	 2097151	 3	 1295	 1298	 433895	
	 2097152	 2097152	 4194303	 4	 4632	 4636	 0	
Length of text: 4194304
	 1024	 1593240	 2047	 3	 0	 3	 1592216	
	 2048	 1324068	 4095	 2	 1	 3	 1322020	
	 4096	 3196668	 8191	 4	 2	 6	 3192572	
	 8192	 4188469	 16383	 6	 4	 10	 4180277	
	 16384	 966667	 32767	 1	 18	 19	 950283	
	 32768	 3546308	 65535	 4	 17	 21	 3513540	
	 65536	 3965926	 131071	 5	 40	 45	 3900390	
	 131072	 151638	 262143	 0	 74	 74	 20566	
	 262144	 3294435	 524287	 5	 151	 158	 3032291	
	 524288	 3196210	 1048575	 7	 376	 383	 2671922	
	 1048576	 4066117	 2097151	 8	 1775	 1783	 3017541	
	 2097152	 2403697	 4194303	 4	 6585	 6589	 306545	
	 4194304	 4194304	 8388607	 9	 18377	 18386	 0	
