	 PATTERN LENGTH	 SEARCH INSPECT TIMES	 CONSTRUCT INSPECT TIMES	 SEARCH TIME(ms)	 CONSTRUCT TIME(ms)	 TOTAL TIME(ms)	 FOUND POSITION	
Length of text: 1024
	 1024	 2048	 2802	 0	 0	 0	 0	
Length of text: 2048
	 1024	 2139	 2763	 0	 0	 0	 32	
	 2048	 4096	 5531	 0	 0	 0	 0	
Length of text: 4096
	 1024	 2552	 2781	 0	 0	 0	 195	
	 2048	 4781	 5651	 0	 0	 0	 266	
	 4096	 8192	 11196	 0	 0	 0	 0	
Length of text: 8192
	 1024	 15805	 2811	 0	 0	 0	 5035	
	 2048	 14910	 5708	 0	 0	 0	 4048	
	 4096	 13928	 11034	 0	 0	 0	 2127	
	 8192	 16384	 22559	 0	 0	 0	 0	
Length of text: 16384
	 1024	 6245	 2811	 0	 0	 0	 1536	
	 2048	 4396	 5600	 0	 0	 0	 114	
	 4096	 41787	 11265	 0	 0	 0	 12260	
	 8192	 30135	 22769	 0	 0	 0	 5008	
	 16384	 32768	 45129	 0	 0	 0	 0	
Length of text: 32768
	 1024	 56602	 2829	 0	 0	 0	 19873	
	 2048	 57469	 5645	 0	 0	 0	 19476	
	 4096	 42324	 11166	 0	 0	 0	 12440	
	 8192	 32286	 22244	 0	 0	 0	 5836	
	 16384	 64646	 45036	 0	 0	 0	 11553	
	 32768	 65536	 90197	 0	 0	 0	 0	
Length of text: 65536
	 1024	 138218	 2709	 0	 0	 0	 50259	
	 2048	 101686	 5672	 0	 0	 0	 35583	
	 4096	 103904	 11139	 1	 0	 1	 34692	
	 8192	 34093	 22472	 0	 0	 0	 6447	
	 16384	 41346	 44457	 0	 0	 0	 3176	
	 32768	 136285	 89837	 0	 0	 1	 25776	
	 65536	 131072	 180834	 0	 0	 0	 0	
Length of text: 131072
	 1024	 222102	 2817	 0	 0	 0	 80300	
	 2048	 96721	 5522	 0	 0	 0	 34290	
	 4096	 214206	 11373	 0	 0	 0	 74936	
	 8192	 110670	 22358	 1	 0	 1	 34561	
	 16384	 170880	 44871	 0	 0	 0	 50417	
	 32768	 327886	 90275	 1	 0	 1	 95433	
	 65536	 266399	 180435	 1	 0	 1	 49149	
	 131072	 262144	 360446	 0	 1	 1	 0	
Length of text: 262144
	 1024	 505206	 2802	 1	 0	 1	 183113	
	 2048	 335046	 5588	 1	 0	 1	 122170	
	 4096	 485893	 10983	 0	 0	 0	 176833	
	 8192	 592236	 22175	 1	 0	 1	 213253	
	 16384	 407749	 44703	 0	 0	 1	 136933	
	 32768	 639800	 90128	 1	 0	 1	 209111	
	 65536	 493430	 180156	 1	 0	 1	 131850	
	 131072	 603328	 360731	 1	 1	 2	 123780	
	 262144	 524288	 721179	 0	 1	 1	 0	
Length of text: 524288
	 1024	 884442	 2781	 2	 0	 2	 321215	
	 2048	 902571	 5618	 1	 0	 1	 329740	
	 4096	 1020121	 11229	 1	 0	 1	 367939	
	 8192	 160256	 22157	 0	 0	 0	 52343	
	 16384	 525095	 44967	 1	 0	 1	 179391	
	 32768	 446188	 90227	 1	 0	 1	 138000	
	 65536	 972762	 180279	 2	 0	 2	 306038	
	 131072	 290786	 355535	 0	 1	 1	 10652	
	 262144	 1055314	 721509	 2	 1	 3	 192577	
	 524288	 1048576	 1440752	 1	 2	 3	 0	
Length of text: 1048576
	 1024	 1911904	 2781	 3	 0	 3	 698569	
	 2048	 735736	 5582	 1	 0	 2	 266409	
	 4096	 2374157	 11340	 4	 0	 4	 860844	
	 8192	 1424100	 22481	 2	 0	 2	 516439	
	 16384	 2071223	 45081	 3	 0	 4	 741510	
	 32768	 2195941	 88505	 3	 0	 3	 788175	
	 65536	 230936	 177174	 0	 0	 1	 36948	
	 131072	 809664	 360329	 1	 1	 2	 198961	
	 262144	 875468	 707748	 1	 1	 3	 129888	
	 524288	 1080853	 1441361	 1	 2	 4	 11679	
	 1048576	 2097152	 2880975	 2	 4	 7	 0	
Length of text: 2097152
	 1024	 2141753	 2799	 3	 0	 4	 782463	
	 2048	 3275001	 5546	 5	 0	 6	 1188613	
	 4096	 5212616	 11187	 9	 0	 10	 1893030	
	 8192	 4297170	 22220	 6	 0	 7	 1582141	
	 16384	 4693821	 45054	 8	 0	 8	 1696007	
	 32768	 4241691	 90263	 7	 0	 8	 1520227	
	 65536	 896299	 180033	 2	 0	 3	 278455	
	 131072	 5651434	 359672	 9	 0	 10	 1961217	
	 262144	 3856680	 719124	 6	 1	 8	 1216274	
	 524288	 3944942	 1436747	 6	 2	 9	 1057037	
	 1048576	 4771177	 2831796	 6	 3	 11	 989638	
	 2097152	 4194304	 5763446	 4	 8	 14	 0	
Length of text: 4194304
	 1024	 1163157	 2835	 2	 0	 3	 426296	
	 2048	 3529312	 5567	 5	 0	 6	 1305906	
	 4096	 1248569	 11112	 2	 0	 3	 459330	
	 8192	 4242780	 22760	 8	 0	 11	 1537042	
	 16384	 873321	 44943	 2	 0	 3	 307331	
	 32768	 10235611	 90272	 17	 0	 19	 3697137	
	 65536	 6586094	 180675	 10	 0	 12	 2349420	
	 131072	 4946223	 361187	 8	 0	 10	 1703272	
	 262144	 6603288	 718113	 11	 1	 13	 2219498	
	 524288	 10922012	 1440998	 20	 2	 24	 3589478	
	 1048576	 7319740	 2883963	 13	 5	 19	 1898620	
	 2097152	 5409137	 5764136	 6	 8	 16	 442322	
	 4194304	 8388608	 11474082	 9	 16	 29	 0	
