	 PATTERN LENGTH	 SEARCH INSPECT TIMES	 CONSTRUCT INSPECT TIMES	 SEARCH TIME(ms)	 CONSTRUCT TIME(ms)	 TOTAL TIME(ms)	 FOUND POSITION	
Length of text: 1024
	 1024	 2048	 2790	 0	 0	 0	 0	
Length of text: 2048
	 1024	 4246	 2871	 0	 0	 0	 811	
	 2048	 4096	 5519	 0	 0	 0	 0	
Length of text: 4096
	 1024	 8817	 2760	 0	 0	 0	 2453	
	 2048	 6862	 5660	 0	 0	 0	 981	
	 4096	 8192	 11265	 0	 0	 0	 0	
Length of text: 8192
	 1024	 19013	 2778	 0	 0	 0	 6147	
	 2048	 20579	 5672	 0	 0	 0	 6029	
	 4096	 14800	 11319	 0	 0	 0	 2398	
	 8192	 16384	 22529	 0	 0	 0	 0	
Length of text: 16384
	 1024	 16335	 2751	 0	 0	 0	 5210	
	 2048	 27633	 5567	 0	 0	 0	 8563	
	 4096	 33754	 11169	 0	 0	 0	 9244	
	 8192	 24871	 22664	 0	 0	 0	 3096	
	 16384	 32768	 45204	 0	 0	 0	 0	
Length of text: 32768
	 1024	 30778	 2703	 0	 0	 0	 10585	
	 2048	 48638	 5564	 0	 0	 0	 16208	
	 4096	 55190	 11211	 0	 0	 0	 17055	
	 8192	 40643	 22505	 0	 0	 0	 8804	
	 16384	 76345	 44955	 0	 0	 0	 15769	
	 32768	 65536	 89870	 0	 1	 1	 0	
Length of text: 65536
	 1024	 50866	 2721	 1	 0	 1	 17806	
	 2048	 138515	 5633	 0	 0	 0	 48965	
	 4096	 37950	 11082	 0	 0	 0	 11069	
	 8192	 85695	 22745	 0	 0	 0	 25249	
	 16384	 156603	 44925	 0	 0	 0	 45311	
	 32768	 111520	 89279	 0	 0	 0	 16788	
	 65536	 131072	 180528	 0	 0	 0	 0	
Length of text: 131072
	 1024	 209560	 2862	 0	 0	 0	 75520	
	 2048	 39393	 5528	 0	 0	 0	 13024	
	 4096	 141715	 11214	 0	 0	 0	 48574	
	 8192	 252990	 22088	 1	 0	 1	 87577	
	 16384	 48088	 44637	 0	 0	 0	 5554	
	 32768	 131222	 90317	 0	 0	 1	 23894	
	 65536	 165946	 179946	 0	 0	 0	 12655	
	 131072	 262144	 361040	 0	 1	 1	 0	
Length of text: 262144
	 1024	 336349	 2751	 1	 0	 1	 122005	
	 2048	 408841	 5603	 0	 0	 0	 147432	
	 4096	 528620	 11100	 0	 0	 0	 192066	
	 8192	 590688	 22475	 1	 1	 2	 209185	
	 16384	 178631	 45174	 0	 0	 0	 52869	
	 32768	 343248	 88178	 0	 0	 0	 103042	
	 65536	 520576	 179985	 1	 0	 1	 142273	
	 131072	 356579	 358988	 0	 1	 1	 34268	
	 262144	 524288	 718719	 1	 1	 2	 0	
Length of text: 524288
	 1024	 301201	 2886	 1	 0	 1	 108862	
	 2048	 883183	 5561	 2	 0	 2	 319548	
	 4096	 392122	 11352	 1	 0	 1	 140173	
	 8192	 990390	 22535	 2	 0	 2	 354259	
	 16384	 1118810	 45054	 2	 0	 2	 395409	
	 32768	 908552	 89753	 1	 0	 2	 307703	
	 65536	 218947	 179763	 0	 0	 1	 31819	
	 131072	 390519	 359063	 1	 0	 1	 47080	
	 262144	 865220	 720567	 1	 1	 3	 123831	
	 524288	 1048576	 1440527	 2	 2	 4	 0	
Length of text: 1048576
	 1024	 1859508	 2799	 3	 0	 4	 675332	
	 2048	 796658	 5672	 1	 0	 1	 288296	
	 4096	 668671	 11271	 1	 0	 1	 242245	
	 8192	 195195	 22415	 0	 0	 1	 65212	
	 16384	 1889457	 44871	 3	 0	 3	 675677	
	 32768	 991395	 90080	 2	 0	 2	 337003	
	 65536	 1017823	 177213	 1	 0	 2	 328090	
	 131072	 1336048	 360119	 2	 0	 3	 390480	
	 262144	 2112101	 720261	 3	 1	 5	 577119	
	 524288	 1190576	 1442564	 2	 2	 4	 51668	
	 1048576	 2097152	 2880588	 2	 4	 7	 0	
Length of text: 2097152
	 1024	 5112603	 2868	 8	 0	 9	 1859753	
	 2048	 1333323	 5615	 2	 0	 2	 491521	
	 4096	 2717241	 11145	 4	 0	 5	 990419	
	 8192	 1557366	 22514	 3	 0	 4	 560233	
	 16384	 4703530	 44703	 8	 0	 8	 1706956	
	 32768	 2601015	 89669	 4	 0	 5	 926617	
	 65536	 4416101	 177468	 7	 1	 8	 1584177	
	 131072	 2403316	 360458	 4	 1	 5	 778389	
	 262144	 1168083	 719946	 1	 1	 3	 234179	
	 524288	 4651958	 1440602	 7	 2	 11	 1311392	
	 1048576	 3269658	 2831577	 5	 4	 10	 433895	
	 2097152	 4194304	 5765273	 5	 9	 15	 0	
Length of text: 4194304
	 1024	 4373109	 2832	 7	 0	 8	 1592216	
	 2048	 3637386	 5606	 6	 0	 7	 1322020	
	 4096	 8642961	 11016	 13	 0	 14	 3192572	
	 8192	 11506223	 22592	 19	 0	 20	 4180277	
	 16384	 2645963	 44982	 4	 0	 6	 950283	
	 32768	 9559564	 88433	 14	 0	 16	 3513540	
	 65536	 10804631	 179907	 18	 1	 20	 3900390	
	 131072	 318462	 361109	 1	 1	 3	 20566	
	 262144	 8823612	 716607	 15	 1	 17	 3032291	
	 524288	 8401943	 1441415	 16	 3	 20	 2671922	
	 1048576	 10399298	 2880333	 17	 4	 24	 3017541	
	 2097152	 5038121	 5771522	 6	 9	 16	 306545	
	 4194304	 8388608	 11531568	 8	 16	 28	 0	
