	 PATTERN LENGTH	 SEARCH INSPECT TIMES	 CONSTRUCT INSPECT TIMES	 SEARCH TIME(ms)	 CONSTRUCT TIME(ms)	 TOTAL TIME(ms)	 FOUND POSITION	
Length of text: 1024
	 1024	 2048	 2772	 0	 0	 0	 0	
Length of text: 2048
	 1024	 4368	 2751	 0	 0	 0	 860	
	 2048	 4096	 5657	 0	 0	 0	 0	
Length of text: 4096
	 1024	 6712	 2763	 0	 0	 0	 1729	
	 2048	 4576	 5627	 0	 0	 0	 174	
	 4096	 8192	 11226	 0	 0	 0	 0	
Length of text: 8192
	 1024	 11718	 2799	 1	 0	 1	 3515	
	 2048	 5402	 5528	 0	 0	 0	 491	
	 4096	 16403	 11334	 0	 0	 0	 3030	
	 8192	 16384	 22622	 0	 0	 0	 0	
Length of text: 16384
	 1024	 24565	 2763	 0	 0	 0	 8197	
	 2048	 32367	 5579	 0	 0	 0	 10246	
	 4096	 29411	 11076	 0	 0	 0	 7800	
	 8192	 26797	 22610	 0	 0	 0	 3735	
	 16384	 32768	 44217	 0	 0	 0	 0	
Length of text: 32768
	 1024	 72465	 2748	 0	 0	 0	 25748	
	 2048	 87827	 5690	 1	 0	 1	 30467	
	 4096	 26391	 11163	 0	 0	 0	 6680	
	 8192	 19841	 22493	 0	 0	 0	 1271	
	 16384	 59973	 44973	 1	 0	 1	 9908	
	 32768	 65536	 88502	 0	 1	 1	 0	
Length of text: 65536
	 1024	 16460	 2757	 0	 0	 0	 5280	
	 2048	 170810	 5525	 1	 0	 1	 61919	
	 4096	 105417	 11118	 0	 0	 0	 35999	
	 8192	 52930	 22361	 0	 0	 0	 13332	
	 16384	 118957	 44700	 0	 0	 0	 31525	
	 32768	 87363	 90137	 1	 0	 1	 7888	
	 65536	 131072	 180177	 0	 0	 0	 0	
Length of text: 131072
	 1024	 113223	 2835	 0	 0	 0	 40292	
	 2048	 300459	 5594	 1	 0	 1	 109702	
	 4096	 172552	 11340	 1	 0	 1	 60031	
	 8192	 46233	 22403	 0	 1	 1	 10750	
	 16384	 216401	 44943	 1	 0	 1	 66807	
	 32768	 229783	 88568	 0	 1	 1	 60738	
	 65536	 290983	 178488	 0	 1	 1	 58813	
	 131072	 262144	 353933	 0	 1	 1	 0	
Length of text: 262144
	 1024	 194808	 2838	 0	 0	 0	 70217	
	 2048	 26206	 5546	 0	 0	 0	 8064	
	 4096	 151161	 11118	 1	 0	 1	 52763	
	 8192	 200115	 22580	 0	 0	 0	 66850	
	 16384	 316710	 44670	 0	 0	 0	 103529	
	 32768	 594171	 88811	 1	 0	 1	 196012	
	 65536	 252502	 180177	 1	 0	 1	 44155	
	 131072	 263482	 360587	 1	 0	 1	 474	
	 262144	 524288	 720567	 1	 1	 2	 0	
Length of text: 524288
	 1024	 188784	 2814	 0	 0	 0	 68075	
	 2048	 1341140	 5615	 2	 0	 2	 486149	
	 4096	 120405	 11085	 0	 0	 1	 41615	
	 8192	 1044500	 22085	 2	 0	 2	 380444	
	 16384	 497086	 45069	 1	 0	 1	 168820	
	 32768	 1262191	 88718	 3	 0	 3	 442536	
	 65536	 473641	 180399	 1	 0	 1	 124696	
	 131072	 858010	 360074	 2	 0	 2	 216888	
	 262144	 891804	 714390	 2	 1	 3	 134762	
	 524288	 1048576	 1441436	 2	 2	 4	 0	
Length of text: 1048576
	 1024	 825738	 2805	 2	 0	 2	 299666	
	 2048	 2777483	 5561	 4	 0	 4	 1013393	
	 4096	 2350425	 11094	 3	 0	 3	 859232	
	 8192	 601573	 22637	 1	 0	 1	 212628	
	 16384	 1701080	 45282	 2	 0	 3	 606948	
	 32768	 2242211	 89726	 4	 0	 4	 795065	
	 65536	 1353772	 179937	 2	 0	 3	 444826	
	 131072	 2631317	 360161	 4	 0	 5	 861737	
	 262144	 1519011	 719964	 2	 1	 3	 361565	
	 524288	 1629843	 1440497	 2	 2	 4	 211180	
	 1048576	 2097152	 2879832	 2	 4	 6	 0	
Length of text: 2097152
	 1024	 2051284	 2760	 3	 0	 3	 759088	
	 2048	 3656988	 5657	 6	 0	 6	 1329247	
	 4096	 2969075	 11022	 4	 0	 5	 1095903	
	 8192	 3042019	 22388	 7	 0	 7	 1100166	
	 16384	 4623543	 45150	 8	 0	 9	 1670318	
	 32768	 5132746	 90197	 8	 0	 9	 1842411	
	 65536	 4114066	 176979	 5	 0	 6	 1474216	
	 131072	 4864297	 360410	 8	 1	 9	 1673331	
	 262144	 1832343	 720591	 3	 1	 5	 475409	
	 524288	 3473304	 1415834	 5	 1	 7	 898480	
	 1048576	 4178580	 2870697	 5	 4	 10	 760160	
	 2097152	 4194304	 5743226	 5	 9	 14	 0	
Length of text: 4194304
	 1024	 5221845	 2769	 8	 0	 10	 1933073	
	 2048	 4254890	 5600	 7	 0	 9	 1546610	
	 4096	 8344542	 11193	 14	 0	 16	 3030572	
	 8192	 2835393	 22430	 5	 0	 7	 1024888	
	 16384	 8207138	 45054	 15	 0	 17	 2974947	
	 32768	 5323575	 89786	 10	 1	 12	 1920187	
	 65536	 370614	 179958	 1	 1	 3	 87461	
	 131072	 4792493	 360524	 9	 1	 11	 1648295	
	 262144	 7780058	 708600	 14	 1	 16	 2685420	
	 524288	 2364453	 1441622	 4	 2	 8	 478729	
	 1048576	 2204166	 2859042	 3	 3	 8	 39179	
	 2097152	 6377353	 5714966	 8	 8	 17	 800613	
	 4194304	 8388608	 11523636	 9	 16	 28	 0	
