--- CONDITION 2.1 FIND ALL ONES ---

	 PATTERN LENGTH	 SEARCH INSPECT TIMES	 CONSTRUCT INSPECT TIMES	 SEARCH TIME(ms)	 CONSTRUCT TIME(ms)	 TOTAL TIME(ms)	 FOUND POSITION	
Text Length : 2
	 2	 4	 2	 0	 0	 0	 -1	
Text Length : 4
	 2	 11	 2	 0	 0	 0	 -1	
	 4	 11	 6	 0	 0	 0	 -1	
Text Length : 8
	 2	 25	 2	 0	 0	 0	 -1	
	 4	 25	 6	 0	 0	 0	 -1	
	 8	 25	 14	 0	 0	 0	 -1	
Text Length : 16
	 2	 34	 2	 0	 0	 0	 12	
	 4	 44	 6	 0	 0	 0	 -1	
	 8	 44	 14	 0	 0	 0	 -1	
	 16	 44	 30	 0	 0	 0	 -1	
Text Length : 32
	 2	 28	 2	 0	 0	 0	 9	
	 4	 32	 6	 0	 0	 0	 9	
	 8	 124	 14	 0	 0	 0	 -1	
	 16	 124	 30	 0	 0	 0	 -1	
	 32	 124	 62	 0	 0	 0	 -1	
Text Length : 64
	 2	 11	 2	 0	 0	 0	 2	
	 4	 48	 6	 0	 0	 0	 11	
	 8	 227	 14	 0	 0	 0	 -1	
	 16	 227	 30	 0	 0	 0	 -1	
	 32	 227	 62	 0	 0	 0	 -1	
	 64	 227	 126	 0	 0	 0	 -1	
Text Length : 128
	 2	 4	 2	 0	 0	 0	 0	
	 4	 27	 6	 0	 0	 0	 5	
	 8	 442	 14	 0	 0	 0	 -1	
	 16	 442	 30	 0	 0	 0	 -1	
	 32	 442	 62	 0	 0	 0	 -1	
	 64	 442	 126	 0	 0	 0	 -1	
	 128	 442	 254	 0	 0	 0	 -1	
Text Length : 256
	 2	 4	 2	 0	 0	 0	 0	
	 4	 45	 6	 0	 0	 0	 14	
	 8	 893	 14	 0	 0	 0	 -1	
	 16	 893	 30	 0	 0	 0	 -1	
	 32	 893	 62	 0	 0	 0	 -1	
	 64	 893	 126	 0	 0	 0	 -1	
	 128	 893	 254	 0	 0	 0	 -1	
	 256	 893	 510	 0	 0	 0	 -1	
Text Length : 512
	 2	 4	 2	 0	 0	 0	 0	
	 4	 33	 6	 0	 0	 0	 8	
	 8	 1810	 14	 0	 0	 0	 -1	
	 16	 1810	 30	 0	 0	 0	 -1	
	 32	 1810	 62	 0	 0	 0	 -1	
	 64	 1810	 126	 0	 0	 0	 -1	
	 128	 1810	 254	 0	 0	 0	 -1	
	 256	 1810	 510	 0	 0	 0	 -1	
	 512	 1810	 1022	 0	 0	 0	 -1	
Text Length : 1024
	 2	 13	 2	 0	 0	 0	 3	
	 4	 60	 6	 0	 0	 0	 14	
	 8	 68	 14	 0	 0	 0	 14	
	 16	 3632	 30	 0	 0	 0	 -1	
	 32	 3632	 62	 0	 0	 0	 -1	
	 64	 3632	 126	 0	 0	 0	 -1	
	 128	 3632	 254	 0	 0	 0	 -1	
	 256	 3632	 510	 0	 0	 0	 -1	
	 512	 3632	 1022	 0	 0	 0	 -1	
	 1024	 3632	 2046	 0	 0	 0	 -1	
Text Length : 2048
	 2	 4	 2	 0	 0	 0	 0	
	 4	 134	 6	 0	 0	 0	 36	
	 8	 264	 14	 0	 0	 0	 67	
	 16	 7234	 30	 0	 0	 0	 -1	
	 32	 7234	 62	 0	 0	 0	 -1	
	 64	 7234	 126	 0	 0	 0	 -1	
	 128	 7234	 254	 0	 0	 0	 -1	
	 256	 7234	 510	 0	 0	 0	 -1	
	 512	 7234	 1022	 1	 0	 1	 -1	
	 1024	 7234	 2046	 0	 0	 0	 -1	
	 2048	 7234	 4094	 0	 0	 0	 -1	
Text Length : 4096
	 2	 20	 2	 0	 0	 0	 8	
	 4	 87	 6	 0	 0	 0	 26	
	 8	 1474	 14	 0	 0	 0	 417	
	 16	 14393	 30	 0	 0	 0	 -1	
	 32	 14393	 62	 0	 0	 0	 -1	
	 64	 14393	 126	 0	 0	 0	 -1	
	 128	 14393	 254	 1	 0	 1	 -1	
	 256	 14393	 510	 0	 0	 0	 -1	
	 512	 14393	 1022	 0	 0	 0	 -1	
	 1024	 14393	 2046	 0	 0	 0	 -1	
	 2048	 14393	 4094	 0	 0	 0	 -1	
	 4096	 14393	 8190	 0	 0	 0	 -1	
Text Length : 8192
	 2	 11	 2	 0	 0	 0	 2	
	 4	 177	 6	 0	 0	 0	 53	
	 8	 519	 14	 0	 0	 0	 148	
	 16	 28552	 30	 0	 0	 0	 -1	
	 32	 28552	 62	 1	 0	 1	 -1	
	 64	 28552	 126	 0	 0	 0	 -1	
	 128	 28552	 254	 0	 0	 0	 -1	
	 256	 28552	 510	 0	 0	 0	 -1	
	 512	 28552	 1022	 0	 0	 0	 -1	
	 1024	 28552	 2046	 0	 0	 0	 -1	
	 2048	 28552	 4094	 0	 0	 0	 -1	
	 4096	 28552	 8190	 0	 0	 0	 -1	
	 8192	 28552	 16382	 1	 0	 1	 -1	
--- CONDITION 2.2 FIND (N-2) 0 + 1 + 0 ---

	 PATTERN LENGTH	 SEARCH INSPECT TIMES	 CONSTRUCT INSPECT TIMES	 SEARCH TIME(ms)	 CONSTRUCT TIME(ms)	 TOTAL TIME(ms)	 FOUND POSITION	
Text Length : 2
	 2	 4	 2	 0	 0	 0	 -1	
Text Length : 4
	 2	 9	 2	 0	 0	 0	 1	
	 4	 11	 9	 0	 0	 0	 -1	
Text Length : 8
	 2	 4	 2	 0	 0	 0	 0	
	 4	 15	 9	 0	 0	 0	 2	
	 8	 28	 29	 0	 0	 0	 -1	
Text Length : 16
	 2	 6	 2	 0	 0	 0	 1	
	 4	 35	 9	 0	 0	 0	 9	
	 8	 53	 29	 0	 0	 0	 -1	
	 16	 53	 69	 0	 0	 0	 -1	
Text Length : 32
	 2	 4	 2	 0	 0	 0	 0	
	 4	 24	 9	 0	 0	 0	 5	
	 8	 106	 29	 0	 0	 0	 -1	
	 16	 106	 69	 0	 0	 0	 -1	
	 32	 106	 149	 0	 0	 0	 -1	
Text Length : 64
	 2	 4	 2	 0	 0	 0	 0	
	 4	 35	 9	 0	 0	 0	 9	
	 8	 227	 29	 0	 0	 0	 -1	
	 16	 227	 69	 0	 0	 0	 -1	
	 32	 227	 149	 0	 0	 0	 -1	
	 64	 227	 309	 0	 0	 0	 -1	
Text Length : 128
	 2	 30	 2	 0	 0	 0	 7	
	 4	 94	 9	 0	 0	 0	 31	
	 8	 412	 29	 0	 0	 0	 -1	
	 16	 412	 69	 0	 0	 0	 -1	
	 32	 412	 149	 0	 0	 0	 -1	
	 64	 412	 309	 0	 0	 0	 -1	
	 128	 412	 629	 0	 0	 0	 -1	
Text Length : 256
	 2	 11	 2	 0	 0	 0	 2	
	 4	 35	 9	 0	 0	 0	 9	
	 8	 872	 29	 0	 0	 0	 -1	
	 16	 872	 69	 0	 0	 0	 -1	
	 32	 872	 149	 0	 0	 0	 -1	
	 64	 872	 309	 0	 0	 0	 -1	
	 128	 872	 629	 0	 0	 0	 -1	
	 256	 872	 1269	 0	 0	 0	 -1	
Text Length : 512
	 2	 14	 2	 0	 0	 0	 2	
	 4	 37	 9	 0	 0	 0	 10	
	 8	 1756	 29	 0	 0	 0	 -1	
	 16	 1771	 69	 0	 0	 0	 -1	
	 32	 1771	 149	 0	 0	 0	 -1	
	 64	 1771	 309	 0	 0	 0	 -1	
	 128	 1771	 629	 0	 0	 0	 -1	
	 256	 1771	 1269	 0	 0	 0	 -1	
	 512	 1771	 2549	 0	 0	 0	 -1	
Text Length : 1024
	 2	 49	 2	 0	 0	 0	 9	
	 4	 33	 9	 0	 0	 0	 11	
	 8	 2759	 29	 0	 0	 0	 800	
	 16	 3563	 69	 0	 0	 0	 -1	
	 32	 3563	 149	 0	 0	 0	 -1	
	 64	 3563	 309	 0	 0	 0	 -1	
	 128	 3563	 629	 0	 0	 0	 -1	
	 256	 3563	 1269	 0	 0	 0	 -1	
	 512	 3563	 2549	 0	 0	 0	 -1	
	 1024	 3563	 5109	 0	 0	 0	 -1	
Text Length : 2048
	 2	 6	 2	 0	 0	 0	 1	
	 4	 33	 9	 0	 0	 0	 8	
	 8	 456	 29	 0	 0	 0	 130	
	 16	 7285	 69	 0	 0	 0	 -1	
	 32	 7285	 149	 0	 0	 0	 -1	
	 64	 7285	 309	 0	 0	 0	 -1	
	 128	 7285	 629	 0	 0	 0	 -1	
	 256	 7285	 1269	 0	 0	 0	 -1	
	 512	 7285	 2549	 0	 0	 0	 -1	
	 1024	 7285	 5109	 0	 0	 0	 -1	
	 2048	 7285	 10229	 0	 0	 0	 -1	
Text Length : 4096
	 2	 6	 2	 0	 0	 0	 1	
	 4	 20	 9	 0	 0	 0	 3	
	 8	 250	 29	 0	 0	 0	 66	
	 16	 13332	 69	 0	 0	 0	 3794	
	 32	 14384	 149	 0	 0	 0	 -1	
	 64	 14384	 309	 0	 0	 0	 -1	
	 128	 14384	 629	 0	 0	 0	 -1	
	 256	 14384	 1269	 0	 0	 0	 -1	
	 512	 14384	 2549	 0	 0	 0	 -1	
	 1024	 14384	 5109	 0	 0	 0	 -1	
	 2048	 14384	 10229	 0	 0	 0	 -1	
	 4096	 14384	 20469	 0	 0	 0	 -1	
Text Length : 8192
	 2	 4	 2	 0	 0	 0	 0	
	 4	 33	 9	 0	 0	 0	 8	
	 8	 255	 29	 0	 0	 0	 67	
	 16	 28645	 69	 0	 0	 0	 -1	
	 32	 28684	 149	 0	 0	 0	 -1	
	 64	 28684	 309	 0	 0	 0	 -1	
	 128	 28684	 629	 0	 0	 0	 -1	
	 256	 28684	 1269	 1	 0	 1	 -1	
	 512	 28684	 2549	 0	 0	 0	 -1	
	 1024	 28684	 5109	 0	 0	 0	 -1	
	 2048	 28684	 10229	 0	 0	 0	 -1	
	 4096	 28684	 20469	 0	 0	 0	 -1	
	 8192	 28684	 40949	 0	 0	 0	 -1	
--- CONDITION 2.3 FIND N*0 IN (N-1) 0 + 1 + (N-1)0 ---

	 PATTERN LENGTH	 SEARCH INSPECT TIMES	 CONSTRUCT INSPECT TIMES	 SEARCH TIME(ms)	 CONSTRUCT TIME(ms)	 TOTAL TIME(ms)	 FOUND POSITION	
Text Length : 3
	 2	 9	 2	 0	 0	 0	 -1	
Text Length : 7
	 2	 4	 2	 0	 0	 0	 0	
	 4	 23	 6	 0	 0	 0	 -1	
Text Length : 15
	 2	 26	 2	 0	 0	 0	 8	
	 4	 48	 6	 0	 0	 0	 -1	
	 8	 48	 14	 0	 0	 0	 -1	
Text Length : 31
	 2	 18	 2	 0	 0	 0	 4	
	 4	 107	 6	 0	 0	 0	 -1	
	 8	 107	 14	 0	 0	 0	 -1	
	 16	 107	 30	 0	 0	 0	 -1	
Text Length : 63
	 2	 4	 2	 0	 0	 0	 0	
	 4	 8	 6	 0	 0	 0	 0	
	 8	 16	 14	 0	 0	 0	 0	
	 16	 219	 30	 0	 0	 0	 -1	
	 32	 219	 62	 0	 0	 0	 -1	
Text Length : 127
	 2	 4	 2	 0	 0	 0	 0	
	 4	 350	 6	 0	 0	 0	 108	
	 8	 401	 14	 0	 0	 0	 -1	
	 16	 401	 30	 0	 0	 0	 -1	
	 32	 401	 62	 0	 0	 0	 -1	
	 64	 401	 126	 0	 0	 0	 -1	
Text Length : 255
	 2	 18	 2	 0	 0	 0	 4	
	 4	 168	 6	 0	 0	 0	 47	
	 8	 885	 14	 0	 0	 0	 -1	
	 16	 885	 30	 0	 0	 0	 -1	
	 32	 885	 62	 0	 0	 0	 -1	
	 64	 885	 126	 0	 0	 0	 -1	
	 128	 885	 254	 0	 0	 0	 -1	
Text Length : 511
	 2	 30	 2	 0	 0	 0	 10	
	 4	 57	 6	 0	 0	 0	 17	
	 8	 1730	 14	 0	 0	 0	 -1	
	 16	 1730	 30	 0	 0	 0	 -1	
	 32	 1730	 62	 0	 0	 0	 -1	
	 64	 1730	 126	 0	 0	 0	 -1	
	 128	 1730	 254	 0	 0	 0	 -1	
	 256	 1730	 510	 0	 0	 0	 -1	
Text Length : 1023
	 2	 4	 2	 0	 0	 0	 0	
	 4	 52	 6	 0	 0	 0	 13	
	 8	 298	 14	 0	 0	 0	 78	
	 16	 3591	 30	 0	 0	 0	 -1	
	 32	 3591	 62	 0	 0	 0	 -1	
	 64	 3591	 126	 0	 0	 0	 -1	
	 128	 3591	 254	 0	 0	 0	 -1	
	 256	 3591	 510	 0	 0	 0	 -1	
	 512	 3591	 1022	 0	 0	 0	 -1	
Text Length : 2047
	 2	 6	 2	 0	 0	 0	 1	
	 4	 10	 6	 0	 0	 0	 1	
	 8	 225	 14	 0	 0	 0	 61	
	 16	 7124	 30	 0	 0	 0	 -1	
	 32	 7124	 62	 0	 0	 0	 -1	
	 64	 7124	 126	 0	 0	 0	 -1	
	 128	 7124	 254	 0	 0	 0	 -1	
	 256	 7124	 510	 0	 0	 0	 -1	
	 512	 7124	 1022	 0	 0	 0	 -1	
	 1024	 7124	 2046	 0	 0	 0	 -1	
Text Length : 4095
	 2	 17	 2	 0	 0	 0	 5	
	 4	 111	 6	 0	 0	 0	 32	
	 8	 3659	 14	 0	 0	 0	 1043	
	 16	 14382	 30	 0	 0	 0	 -1	
	 32	 14382	 62	 0	 0	 0	 -1	
	 64	 14382	 126	 0	 0	 0	 -1	
	 128	 14382	 254	 0	 0	 0	 -1	
	 256	 14382	 510	 0	 0	 0	 -1	
	 512	 14382	 1022	 0	 0	 0	 -1	
	 1024	 14382	 2046	 0	 0	 0	 -1	
	 2048	 14382	 4094	 0	 0	 0	 -1	
Text Length : 8191
	 2	 13	 2	 0	 0	 0	 3	
	 4	 17	 6	 0	 0	 0	 3	
	 8	 372	 14	 0	 0	 0	 103	
	 16	 28811	 30	 0	 0	 0	 -1	
	 32	 28811	 62	 0	 0	 0	 -1	
	 64	 28811	 126	 0	 0	 0	 -1	
	 128	 28811	 254	 0	 0	 0	 -1	
	 256	 28811	 510	 0	 0	 0	 -1	
	 512	 28811	 1022	 0	 0	 0	 -1	
	 1024	 28811	 2046	 0	 0	 0	 -1	
	 2048	 28811	 4094	 0	 0	 0	 -1	
	 4096	 28811	 8190	 0	 0	 0	 -1	
Text Length : 16383
	 2	 18	 2	 0	 0	 0	 4	
	 4	 127	 6	 0	 0	 0	 34	
	 8	 2144	 14	 0	 0	 0	 623	
	 16	 57495	 30	 0	 0	 0	 -1	
	 32	 57495	 62	 0	 0	 0	 -1	
	 64	 57495	 126	 1	 0	 1	 -1	
	 128	 57495	 254	 0	 0	 0	 -1	
	 256	 57495	 510	 0	 0	 0	 -1	
	 512	 57495	 1022	 0	 0	 0	 -1	
	 1024	 57495	 2046	 0	 0	 0	 -1	
	 2048	 57495	 4094	 1	 0	 1	 -1	
	 4096	 57495	 8190	 0	 0	 0	 -1	
	 8192	 57495	 16382	 0	 0	 0	 -1	
--- CONDITION 2.4 RANDOM ---

	 PATTERN LENGTH	 SEARCH INSPECT TIMES	 CONSTRUCT INSPECT TIMES	 SEARCH TIME(ms)	 CONSTRUCT TIME(ms)	 TOTAL TIME(ms)	 FOUND POSITION	
Text Length : 2
	 2	 4	 2	 0	 0	 0	 -1	
Text Length : 4
	 2	 4	 2	 0	 0	 0	 0	
	 4	 11	 6	 0	 0	 0	 -1	
Text Length : 8
	 2	 4	 2	 0	 0	 0	 0	
	 4	 22	 9	 0	 0	 0	 -1	
	 8	 16	 17	 0	 0	 0	 0	
Text Length : 16
	 2	 24	 2	 0	 0	 0	 4	
	 4	 23	 9	 0	 0	 0	 3	
	 8	 41	 20	 0	 0	 0	 -1	
	 16	 50	 42	 0	 0	 0	 -1	
Text Length : 32
	 2	 6	 2	 0	 0	 0	 1	
	 4	 25	 9	 0	 0	 0	 7	
	 8	 103	 20	 0	 0	 0	 -1	
	 16	 100	 48	 0	 0	 0	 -1	
	 32	 103	 95	 0	 0	 0	 -1	
Text Length : 64
	 2	 14	 2	 0	 0	 0	 2	
	 4	 8	 12	 0	 0	 0	 0	
	 8	 224	 26	 0	 0	 0	 -1	
	 16	 188	 45	 0	 0	 0	 -1	
	 32	 170	 89	 0	 0	 0	 -1	
	 64	 185	 213	 0	 0	 0	 -1	
Text Length : 128
	 2	 34	 2	 0	 0	 0	 6	
	 4	 118	 6	 0	 0	 0	 31	
	 8	 300	 26	 0	 0	 0	 85	
	 16	 439	 48	 0	 0	 0	 -1	
	 32	 388	 110	 0	 0	 0	 -1	
	 64	 430	 216	 0	 0	 0	 -1	
	 128	 433	 458	 0	 0	 0	 -1	
Text Length : 256
	 2	 11	 2	 0	 0	 0	 2	
	 4	 56	 9	 0	 0	 0	 15	
	 8	 223	 17	 0	 0	 0	 60	
	 16	 857	 48	 0	 0	 0	 -1	
	 32	 884	 95	 0	 0	 0	 -1	
	 64	 845	 216	 0	 0	 0	 -1	
	 128	 839	 404	 0	 0	 0	 -1	
	 256	 893	 885	 0	 0	 0	 -1	
Text Length : 512
	 2	 6	 2	 0	 0	 0	 1	
	 4	 60	 9	 0	 0	 0	 14	
	 8	 560	 23	 0	 0	 0	 167	
	 16	 1609	 42	 0	 0	 0	 -1	
	 32	 1579	 95	 0	 0	 0	 -1	
	 64	 1720	 231	 0	 0	 0	 -1	
	 128	 1576	 386	 0	 0	 0	 -1	
	 256	 1585	 795	 0	 0	 0	 -1	
	 512	 1597	 1568	 0	 0	 0	 -1	
Text Length : 1024
	 2	 9	 2	 0	 0	 0	 1	
	 4	 27	 9	 0	 0	 0	 5	
	 8	 273	 20	 0	 0	 0	 76	
	 16	 3380	 45	 0	 0	 0	 -1	
	 32	 3392	 98	 0	 0	 0	 -1	
	 64	 3143	 195	 0	 0	 0	 -1	
	 128	 3278	 398	 0	 0	 0	 -1	
	 256	 3092	 759	 0	 0	 0	 -1	
	 512	 3116	 1619	 0	 0	 0	 -1	
	 1024	 3110	 3150	 0	 0	 0	 -1	
Text Length : 2048
	 2	 4	 2	 0	 0	 0	 0	
	 4	 61	 12	 0	 0	 0	 16	
	 8	 3669	 20	 0	 0	 0	 1105	
	 16	 6709	 45	 0	 0	 1	 -1	
	 32	 6340	 95	 0	 0	 0	 -1	
	 64	 6394	 189	 0	 0	 0	 -1	
	 128	 7003	 440	 0	 0	 0	 -1	
	 256	 6892	 849	 0	 0	 0	 -1	
	 512	 6268	 1544	 0	 0	 0	 -1	
	 1024	 7132	 3534	 0	 0	 0	 -1	
	 2048	 7021	 6956	 0	 0	 0	 -1	
Text Length : 4096
	 2	 14	 2	 0	 0	 0	 2	
	 4	 51	 6	 0	 0	 0	 11	
	 8	 1090	 17	 0	 0	 0	 300	
	 16	 13820	 51	 0	 0	 0	 -1	
	 32	 12716	 92	 0	 0	 0	 -1	
	 64	 12527	 192	 0	 0	 0	 -1	
	 128	 13544	 434	 0	 0	 1	 -1	
	 256	 12470	 750	 0	 0	 0	 -1	
	 512	 14357	 1811	 0	 0	 0	 -1	
	 1024	 12674	 3156	 0	 0	 0	 -1	
	 2048	 12695	 6365	 0	 0	 0	 -1	
	 4096	 12710	 12624	 0	 0	 0	 -1	
Text Length : 8192
	 2	 9	 2	 0	 0	 0	 1	
	 4	 115	 6	 0	 0	 0	 31	
	 8	 261	 20	 0	 0	 0	 76	
	 16	 28081	 42	 1	 0	 1	 -1	
	 32	 27145	 113	 0	 0	 0	 -1	
	 64	 25537	 180	 0	 0	 0	 -1	
	 128	 27580	 464	 0	 0	 0	 -1	
	 256	 27472	 888	 0	 0	 0	 -1	
	 512	 25261	 1547	 0	 0	 0	 -1	
	 1024	 27793	 3528	 0	 0	 0	 -1	
	 2048	 28015	 6974	 1	 0	 1	 -1	
	 4096	 27664	 13764	 0	 0	 0	 -1	
	 8192	 28363	 28511	 0	 0	 0	 -1	
