--- CONDITION 6.1 FIND ALL As ---

	 PATTERN LENGTH	 SEARCH INSPECT TIMES	 CONSTRUCT INSPECT TIMES	 SEARCH TIME(ms)	 CONSTRUCT TIME(ms)	 TOTAL TIME(ms)	 FOUND POSITION	
Text Length : 2
	 2	 4	 2	 0	 0	 0	 -1	
Text Length : 4
	 2	 8	 2	 0	 0	 0	 -1	
	 4	 8	 6	 0	 0	 0	 -1	
Text Length : 8
	 2	 16	 2	 0	 0	 0	 -1	
	 4	 16	 6	 0	 0	 0	 -1	
	 8	 16	 14	 0	 0	 0	 -1	
Text Length : 16
	 2	 32	 2	 0	 0	 0	 -1	
	 4	 32	 6	 0	 0	 0	 -1	
	 8	 32	 14	 0	 0	 0	 -1	
	 16	 32	 30	 0	 0	 0	 -1	
Text Length : 32
	 2	 67	 2	 0	 0	 0	 -1	
	 4	 67	 6	 0	 0	 0	 -1	
	 8	 67	 14	 0	 0	 0	 -1	
	 16	 67	 30	 0	 0	 0	 -1	
	 32	 67	 62	 0	 0	 0	 -1	
Text Length : 64
	 2	 137	 2	 0	 0	 0	 -1	
	 4	 137	 6	 0	 0	 0	 -1	
	 8	 137	 14	 0	 0	 0	 -1	
	 16	 137	 30	 0	 0	 0	 -1	
	 32	 137	 62	 0	 0	 0	 -1	
	 64	 137	 126	 0	 0	 0	 -1	
Text Length : 128
	 2	 265	 2	 0	 0	 0	 -1	
	 4	 265	 6	 0	 0	 0	 -1	
	 8	 265	 14	 0	 0	 0	 -1	
	 16	 265	 30	 0	 0	 0	 -1	
	 32	 265	 62	 0	 0	 0	 -1	
	 64	 265	 126	 0	 0	 0	 -1	
	 128	 265	 254	 0	 0	 0	 -1	
Text Length : 256
	 2	 521	 2	 0	 0	 0	 -1	
	 4	 521	 6	 0	 0	 0	 -1	
	 8	 521	 14	 0	 0	 0	 -1	
	 16	 521	 30	 0	 0	 0	 -1	
	 32	 521	 62	 0	 0	 0	 -1	
	 64	 521	 126	 0	 0	 0	 -1	
	 128	 521	 254	 0	 0	 0	 -1	
	 256	 521	 510	 0	 0	 0	 -1	
Text Length : 512
	 2	 1081	 2	 0	 0	 0	 -1	
	 4	 1081	 6	 0	 0	 0	 -1	
	 8	 1081	 14	 0	 0	 0	 -1	
	 16	 1081	 30	 0	 0	 0	 -1	
	 32	 1081	 62	 0	 0	 0	 -1	
	 64	 1081	 126	 0	 0	 0	 -1	
	 128	 1081	 254	 0	 0	 0	 -1	
	 256	 1081	 510	 0	 0	 0	 -1	
	 512	 1081	 1022	 0	 0	 0	 -1	
Text Length : 1024
	 2	 209	 2	 0	 0	 0	 95	
	 4	 2180	 6	 0	 0	 0	 -1	
	 8	 2180	 14	 0	 0	 0	 -1	
	 16	 2180	 30	 0	 0	 0	 -1	
	 32	 2180	 62	 0	 0	 0	 -1	
	 64	 2180	 126	 0	 0	 0	 -1	
	 128	 2180	 254	 0	 0	 0	 -1	
	 256	 2180	 510	 0	 0	 0	 -1	
	 512	 2180	 1022	 0	 0	 0	 -1	
	 1024	 2180	 2046	 0	 0	 0	 -1	
Text Length : 2048
	 2	 533	 2	 0	 0	 0	 254	
	 4	 4309	 6	 0	 0	 0	 -1	
	 8	 4309	 14	 0	 0	 0	 -1	
	 16	 4309	 30	 0	 0	 0	 -1	
	 32	 4309	 62	 0	 0	 0	 -1	
	 64	 4309	 126	 0	 0	 0	 -1	
	 128	 4309	 254	 0	 0	 0	 -1	
	 256	 4309	 510	 0	 0	 0	 -1	
	 512	 4309	 1022	 0	 0	 0	 -1	
	 1024	 4309	 2046	 0	 0	 0	 -1	
	 2048	 4309	 4094	 0	 0	 0	 -1	
Text Length : 4096
	 2	 758	 2	 0	 0	 0	 368	
	 4	 8660	 6	 0	 0	 0	 -1	
	 8	 8660	 14	 0	 0	 0	 -1	
	 16	 8660	 30	 0	 0	 0	 -1	
	 32	 8660	 62	 0	 0	 0	 -1	
	 64	 8660	 126	 0	 0	 0	 -1	
	 128	 8660	 254	 0	 0	 0	 -1	
	 256	 8660	 510	 0	 0	 0	 -1	
	 512	 8660	 1022	 0	 0	 0	 -1	
	 1024	 8660	 2046	 0	 0	 0	 -1	
	 2048	 8660	 4094	 0	 0	 0	 -1	
	 4096	 8660	 8190	 0	 0	 0	 -1	
Text Length : 8192
	 2	 1408	 2	 0	 0	 0	 669	
	 4	 17317	 6	 0	 0	 0	 -1	
	 8	 17317	 14	 0	 0	 0	 -1	
	 16	 17317	 30	 0	 0	 0	 -1	
	 32	 17317	 62	 0	 0	 0	 -1	
	 64	 17317	 126	 0	 0	 0	 -1	
	 128	 17317	 254	 0	 0	 0	 -1	
	 256	 17317	 510	 0	 0	 0	 -1	
	 512	 17317	 1022	 0	 0	 1	 -1	
	 1024	 17317	 2046	 0	 0	 0	 -1	
	 2048	 17317	 4094	 0	 0	 0	 -1	
	 4096	 17317	 8190	 0	 0	 0	 -1	
	 8192	 17317	 16382	 0	 0	 0	 -1	
--- CONDITION 6.2 FIND (N-2) A + B + A ---

	 PATTERN LENGTH	 SEARCH INSPECT TIMES	 CONSTRUCT INSPECT TIMES	 SEARCH TIME(ms)	 CONSTRUCT TIME(ms)	 TOTAL TIME(ms)	 FOUND POSITION	
Text Length : 2
	 2	 4	 2	 0	 0	 0	 -1	
Text Length : 4
	 2	 11	 2	 0	 0	 0	 -1	
	 4	 8	 9	 0	 0	 0	 -1	
Text Length : 8
	 2	 16	 2	 0	 0	 0	 -1	
	 4	 19	 9	 0	 0	 0	 -1	
	 8	 19	 29	 0	 0	 0	 -1	
Text Length : 16
	 2	 32	 2	 0	 0	 0	 -1	
	 4	 32	 9	 0	 0	 0	 -1	
	 8	 32	 29	 0	 0	 0	 -1	
	 16	 32	 69	 0	 0	 0	 -1	
Text Length : 32
	 2	 67	 2	 0	 0	 0	 -1	
	 4	 70	 9	 0	 0	 0	 -1	
	 8	 70	 29	 0	 0	 0	 -1	
	 16	 70	 69	 0	 0	 0	 -1	
	 32	 70	 149	 0	 0	 0	 -1	
Text Length : 64
	 2	 140	 2	 0	 0	 0	 -1	
	 4	 134	 9	 0	 0	 0	 -1	
	 8	 134	 29	 0	 0	 0	 -1	
	 16	 134	 69	 0	 0	 0	 -1	
	 32	 134	 149	 0	 0	 0	 -1	
	 64	 134	 309	 0	 0	 0	 -1	
Text Length : 128
	 2	 268	 2	 0	 0	 0	 -1	
	 4	 277	 9	 0	 0	 0	 -1	
	 8	 277	 29	 0	 0	 0	 -1	
	 16	 277	 69	 0	 0	 0	 -1	
	 32	 277	 149	 0	 0	 0	 -1	
	 64	 277	 309	 0	 0	 0	 -1	
	 128	 277	 629	 0	 0	 0	 -1	
Text Length : 256
	 2	 545	 2	 0	 0	 0	 -1	
	 4	 545	 9	 0	 0	 0	 -1	
	 8	 545	 29	 0	 0	 0	 -1	
	 16	 545	 69	 0	 0	 0	 -1	
	 32	 545	 149	 0	 0	 0	 -1	
	 64	 545	 309	 0	 0	 0	 -1	
	 128	 545	 629	 0	 0	 0	 -1	
	 256	 545	 1269	 0	 0	 0	 -1	
Text Length : 512
	 2	 1081	 2	 0	 0	 0	 -1	
	 4	 1063	 9	 0	 0	 0	 -1	
	 8	 1063	 29	 0	 0	 0	 -1	
	 16	 1063	 69	 0	 0	 0	 -1	
	 32	 1063	 149	 0	 0	 0	 -1	
	 64	 1063	 309	 0	 0	 0	 -1	
	 128	 1063	 629	 0	 0	 0	 -1	
	 256	 1063	 1269	 0	 0	 0	 -1	
	 512	 1063	 2549	 0	 0	 0	 -1	
Text Length : 1024
	 2	 2174	 2	 0	 0	 0	 -1	
	 4	 2168	 9	 0	 0	 0	 -1	
	 8	 2168	 29	 0	 0	 0	 -1	
	 16	 2168	 69	 0	 0	 0	 -1	
	 32	 2168	 149	 0	 0	 0	 -1	
	 64	 2168	 309	 0	 0	 0	 -1	
	 128	 2168	 629	 0	 0	 0	 -1	
	 256	 2168	 1269	 0	 0	 0	 -1	
	 512	 2168	 2549	 0	 0	 0	 -1	
	 1024	 2168	 5109	 0	 0	 0	 -1	
Text Length : 2048
	 2	 3761	 2	 0	 0	 0	 1766	
	 4	 4369	 9	 0	 0	 0	 -1	
	 8	 4369	 29	 0	 0	 0	 -1	
	 16	 4369	 69	 0	 0	 0	 -1	
	 32	 4369	 149	 0	 0	 0	 -1	
	 64	 4369	 309	 0	 0	 0	 -1	
	 128	 4369	 629	 0	 0	 0	 -1	
	 256	 4369	 1269	 0	 0	 0	 -1	
	 512	 4369	 2549	 0	 0	 0	 -1	
	 1024	 4369	 5109	 0	 0	 0	 -1	
	 2048	 4369	 10229	 0	 0	 0	 -1	
Text Length : 4096
	 2	 701	 2	 0	 0	 0	 329	
	 4	 8618	 9	 0	 0	 0	 -1	
	 8	 8618	 29	 0	 0	 0	 -1	
	 16	 8618	 69	 0	 0	 0	 -1	
	 32	 8618	 149	 0	 0	 0	 -1	
	 64	 8618	 309	 0	 0	 0	 -1	
	 128	 8618	 629	 0	 0	 0	 -1	
	 256	 8618	 1269	 0	 0	 0	 -1	
	 512	 8618	 2549	 0	 0	 0	 -1	
	 1024	 8618	 5109	 0	 0	 0	 -1	
	 2048	 8618	 10229	 0	 0	 0	 -1	
	 4096	 8618	 20469	 0	 0	 0	 -1	
Text Length : 8192
	 2	 2402	 2	 0	 0	 0	 1130	
	 4	 17368	 9	 0	 0	 0	 -1	
	 8	 17368	 29	 0	 0	 0	 -1	
	 16	 17368	 69	 0	 0	 0	 -1	
	 32	 17368	 149	 0	 0	 0	 -1	
	 64	 17368	 309	 0	 0	 0	 -1	
	 128	 17368	 629	 0	 0	 0	 -1	
	 256	 17368	 1269	 0	 0	 0	 -1	
	 512	 17368	 2549	 0	 0	 0	 -1	
	 1024	 17368	 5109	 0	 0	 0	 -1	
	 2048	 17368	 10229	 0	 0	 0	 -1	
	 4096	 17368	 20469	 0	 0	 0	 -1	
	 8192	 17368	 40949	 0	 0	 0	 -1	
--- CONDITION 6.3 FIND (N-1) A + B + (N-1)A ---

	 PATTERN LENGTH	 SEARCH INSPECT TIMES	 CONSTRUCT INSPECT TIMES	 SEARCH TIME(ms)	 CONSTRUCT TIME(ms)	 TOTAL TIME(ms)	 FOUND POSITION	
Text Length : 2
	 3	 4	 4	 0	 0	 0	 -1	
Text Length : 4
	 3	 8	 4	 0	 0	 0	 -1	
	 5	 8	 11	 0	 0	 0	 -1	
Text Length : 8
	 3	 16	 4	 0	 0	 0	 -1	
	 5	 16	 11	 0	 0	 0	 -1	
	 9	 16	 25	 0	 0	 0	 -1	
Text Length : 16
	 3	 32	 4	 0	 0	 0	 -1	
	 5	 32	 11	 0	 0	 0	 -1	
	 9	 32	 25	 0	 0	 0	 -1	
	 17	 32	 53	 0	 0	 0	 -1	
Text Length : 32
	 3	 67	 4	 0	 0	 0	 -1	
	 5	 67	 11	 0	 0	 0	 -1	
	 9	 67	 25	 0	 0	 0	 -1	
	 17	 67	 53	 0	 0	 0	 -1	
	 33	 67	 109	 0	 0	 0	 -1	
Text Length : 64
	 3	 137	 4	 0	 0	 0	 -1	
	 5	 137	 11	 0	 0	 0	 -1	
	 9	 137	 25	 0	 0	 0	 -1	
	 17	 137	 53	 0	 0	 0	 -1	
	 33	 137	 109	 0	 0	 0	 -1	
	 65	 137	 221	 0	 0	 0	 -1	
Text Length : 128
	 3	 274	 4	 0	 0	 0	 -1	
	 5	 274	 11	 0	 0	 0	 -1	
	 9	 274	 25	 0	 0	 0	 -1	
	 17	 274	 53	 0	 0	 0	 -1	
	 33	 274	 109	 0	 0	 0	 -1	
	 65	 274	 221	 0	 0	 0	 -1	
	 129	 274	 445	 0	 0	 0	 -1	
Text Length : 256
	 3	 542	 4	 0	 0	 0	 -1	
	 5	 542	 11	 0	 0	 0	 -1	
	 9	 542	 25	 0	 0	 0	 -1	
	 17	 542	 53	 0	 0	 0	 -1	
	 33	 542	 109	 0	 0	 0	 -1	
	 65	 542	 221	 0	 0	 0	 -1	
	 129	 542	 445	 0	 0	 0	 -1	
	 257	 542	 893	 0	 0	 0	 -1	
Text Length : 512
	 3	 1066	 4	 0	 0	 0	 -1	
	 5	 1066	 11	 0	 0	 0	 -1	
	 9	 1066	 25	 0	 0	 0	 -1	
	 17	 1066	 53	 0	 0	 0	 -1	
	 33	 1066	 109	 0	 0	 0	 -1	
	 65	 1066	 221	 0	 0	 0	 -1	
	 129	 1066	 445	 0	 0	 0	 -1	
	 257	 1066	 893	 0	 0	 0	 -1	
	 513	 1066	 1789	 0	 0	 0	 -1	
Text Length : 1024
	 3	 2162	 4	 0	 0	 0	 -1	
	 5	 2162	 11	 0	 0	 0	 -1	
	 9	 2162	 25	 0	 0	 0	 -1	
	 17	 2162	 53	 0	 0	 0	 -1	
	 33	 2162	 109	 0	 0	 0	 -1	
	 65	 2162	 221	 0	 0	 0	 -1	
	 129	 2162	 445	 0	 0	 0	 -1	
	 257	 2162	 893	 0	 0	 0	 -1	
	 513	 2162	 1789	 0	 0	 0	 -1	
	 1025	 2162	 3581	 0	 0	 0	 -1	
Text Length : 2048
	 3	 4336	 4	 0	 0	 0	 -1	
	 5	 4336	 11	 0	 0	 0	 -1	
	 9	 4336	 25	 0	 0	 0	 -1	
	 17	 4336	 53	 0	 0	 0	 -1	
	 33	 4336	 109	 0	 0	 0	 -1	
	 65	 4336	 221	 0	 0	 0	 -1	
	 129	 4336	 445	 0	 0	 0	 -1	
	 257	 4336	 893	 0	 0	 0	 -1	
	 513	 4336	 1789	 0	 0	 0	 -1	
	 1025	 4336	 3581	 0	 0	 0	 -1	
	 2049	 4336	 7165	 0	 0	 0	 -1	
Text Length : 4096
	 3	 8669	 4	 0	 0	 0	 -1	
	 5	 8669	 11	 0	 0	 0	 -1	
	 9	 8669	 25	 0	 0	 0	 -1	
	 17	 8669	 53	 0	 0	 0	 -1	
	 33	 8669	 109	 0	 0	 0	 -1	
	 65	 8669	 221	 0	 0	 0	 -1	
	 129	 8669	 445	 0	 0	 0	 -1	
	 257	 8669	 893	 0	 0	 0	 -1	
	 513	 8669	 1789	 0	 0	 0	 -1	
	 1025	 8669	 3581	 0	 0	 0	 -1	
	 2049	 8669	 7165	 0	 0	 0	 -1	
	 4097	 8669	 14333	 0	 0	 0	 -1	
Text Length : 8192
	 3	 17326	 4	 0	 0	 0	 -1	
	 5	 17326	 11	 0	 0	 0	 -1	
	 9	 17326	 25	 0	 0	 0	 -1	
	 17	 17326	 53	 0	 0	 0	 -1	
	 33	 17326	 109	 0	 0	 0	 -1	
	 65	 17326	 221	 0	 0	 0	 -1	
	 129	 17326	 445	 0	 0	 0	 -1	
	 257	 17326	 893	 0	 0	 0	 -1	
	 513	 17326	 1789	 0	 0	 0	 -1	
	 1025	 17326	 3581	 0	 0	 0	 -1	
	 2049	 17326	 7165	 0	 1	 1	 -1	
	 4097	 17326	 14333	 0	 0	 0	 -1	
	 8193	 17326	 28669	 0	 0	 0	 -1	
--- CONDITION 6.4 RANDOM PATTERN ---

	 PATTERN LENGTH	 SEARCH INSPECT TIMES	 CONSTRUCT INSPECT TIMES	 SEARCH TIME(ms)	 CONSTRUCT TIME(ms)	 TOTAL TIME(ms)	 FOUND POSITION	
Text Length : 2
	 2	 4	 2	 0	 0	 0	 -1	
Text Length : 4
	 2	 8	 2	 0	 0	 0	 -1	
	 4	 8	 6	 0	 0	 0	 -1	
Text Length : 8
	 2	 16	 2	 0	 0	 0	 -1	
	 4	 16	 6	 0	 0	 0	 -1	
	 8	 16	 14	 0	 0	 0	 -1	
Text Length : 16
	 2	 32	 2	 0	 0	 0	 -1	
	 4	 35	 6	 0	 0	 0	 -1	
	 8	 32	 14	 0	 0	 0	 -1	
	 16	 38	 33	 0	 0	 0	 -1	
Text Length : 32
	 2	 67	 2	 0	 0	 0	 -1	
	 4	 70	 6	 0	 0	 0	 -1	
	 8	 70	 14	 0	 0	 0	 -1	
	 16	 67	 33	 0	 0	 0	 -1	
	 32	 70	 65	 0	 0	 0	 -1	
Text Length : 64
	 2	 134	 2	 0	 0	 0	 -1	
	 4	 137	 6	 0	 0	 0	 -1	
	 8	 128	 14	 0	 0	 0	 -1	
	 16	 134	 39	 0	 0	 0	 -1	
	 32	 140	 62	 0	 0	 0	 -1	
	 64	 137	 126	 0	 0	 0	 -1	
Text Length : 128
	 2	 271	 2	 0	 0	 0	 -1	
	 4	 265	 6	 0	 0	 0	 -1	
	 8	 277	 14	 0	 0	 0	 -1	
	 16	 283	 30	 0	 0	 0	 -1	
	 32	 271	 62	 0	 0	 0	 -1	
	 64	 262	 129	 0	 0	 0	 -1	
	 128	 277	 266	 0	 0	 0	 -1	
Text Length : 256
	 2	 167	 2	 0	 0	 0	 77	
	 4	 530	 6	 0	 0	 0	 -1	
	 8	 533	 17	 0	 0	 0	 -1	
	 16	 554	 30	 0	 0	 0	 -1	
	 32	 521	 65	 0	 0	 0	 -1	
	 64	 542	 138	 0	 0	 0	 -1	
	 128	 548	 266	 0	 0	 0	 -1	
	 256	 521	 552	 0	 0	 0	 -1	
Text Length : 512
	 2	 923	 2	 0	 0	 0	 437	
	 4	 1081	 6	 0	 0	 0	 -1	
	 8	 1096	 14	 0	 0	 0	 -1	
	 16	 1093	 33	 0	 0	 0	 -1	
	 32	 1081	 65	 0	 0	 0	 -1	
	 64	 1084	 132	 0	 0	 0	 -1	
	 128	 1090	 266	 0	 0	 0	 -1	
	 256	 1084	 528	 0	 0	 0	 -1	
	 512	 1075	 1079	 0	 0	 0	 -1	
Text Length : 1024
	 2	 2141	 2	 0	 0	 0	 -1	
	 4	 2183	 6	 0	 0	 0	 -1	
	 8	 2174	 17	 0	 0	 0	 -1	
	 16	 2159	 33	 0	 0	 0	 -1	
	 32	 2159	 68	 0	 0	 0	 -1	
	 64	 2177	 132	 0	 0	 0	 -1	
	 128	 2165	 278	 0	 0	 0	 -1	
	 256	 2174	 549	 0	 0	 0	 -1	
	 512	 2171	 1085	 0	 0	 0	 -1	
	 1024	 2132	 2157	 0	 0	 0	 -1	
Text Length : 2048
	 2	 10	 2	 0	 0	 0	 3	
	 4	 4366	 6	 0	 0	 0	 -1	
	 8	 4348	 17	 0	 0	 0	 -1	
	 16	 4354	 30	 0	 0	 0	 -1	
	 32	 4342	 62	 0	 0	 0	 -1	
	 64	 4309	 132	 0	 0	 0	 -1	
	 128	 4378	 263	 0	 0	 0	 -1	
	 256	 4327	 543	 0	 0	 0	 -1	
	 512	 4330	 1094	 0	 0	 0	 -1	
	 1024	 4309	 2193	 0	 0	 0	 -1	
	 2048	 4372	 4400	 0	 0	 0	 -1	
Text Length : 4096
	 2	 489	 2	 0	 0	 0	 229	
	 4	 8597	 6	 0	 0	 0	 -1	
	 8	 8621	 17	 0	 0	 0	 -1	
	 16	 8672	 33	 0	 0	 0	 -1	
	 32	 8714	 68	 0	 0	 0	 -1	
	 64	 8657	 138	 0	 0	 0	 -1	
	 128	 8687	 266	 0	 0	 0	 -1	
	 256	 8672	 540	 0	 0	 0	 -1	
	 512	 8717	 1094	 0	 0	 0	 -1	
	 1024	 8660	 2148	 0	 0	 0	 -1	
	 2048	 8759	 4301	 0	 0	 0	 -1	
	 4096	 8759	 8646	 0	 0	 0	 -1	
Text Length : 8192
	 2	 2149	 2	 0	 0	 0	 1020	
	 4	 17284	 6	 0	 0	 0	 -1	
	 8	 17419	 14	 0	 0	 0	 -1	
	 16	 17383	 30	 0	 0	 0	 -1	
	 32	 17419	 62	 0	 0	 0	 -1	
	 64	 17389	 135	 0	 0	 0	 -1	
	 128	 17347	 275	 0	 0	 0	 -1	
	 256	 17362	 534	 0	 0	 0	 -1	
	 512	 17383	 1094	 0	 0	 0	 -1	
	 1024	 17323	 2142	 0	 0	 0	 -1	
	 2048	 17236	 4361	 0	 0	 0	 -1	
	 4096	 17365	 8610	 0	 0	 0	 -1	
	 8192	 17332	 17318	 0	 0	 0	 -1	
