--- CONDITION 7.1 FIND ALL As ---

	 PATTERN LENGTH	 SEARCH INSPECT TIMES	 CONSTRUCT INSPECT TIMES	 SEARCH TIME(ms)	 CONSTRUCT TIME(ms)	 TOTAL TIME(ms)	 FOUND POSITION	
Text Length : 2
	 2	 4	 2	 0	 0	 0	 -1	
Text Length : 4
	 2	 8	 2	 0	 0	 0	 -1	
	 4	 8	 6	 0	 0	 0	 -1	
Text Length : 8
	 2	 16	 2	 0	 0	 0	 -1	
	 4	 16	 6	 0	 0	 0	 -1	
	 8	 16	 14	 0	 0	 0	 -1	
Text Length : 16
	 2	 32	 2	 0	 0	 0	 -1	
	 4	 32	 6	 0	 0	 0	 -1	
	 8	 32	 14	 0	 0	 0	 -1	
	 16	 32	 30	 0	 0	 0	 -1	
Text Length : 32
	 2	 70	 2	 0	 0	 0	 -1	
	 4	 70	 6	 0	 0	 0	 -1	
	 8	 70	 14	 0	 0	 0	 -1	
	 16	 70	 30	 0	 0	 0	 -1	
	 32	 70	 62	 0	 0	 0	 -1	
Text Length : 64
	 2	 131	 2	 0	 0	 0	 -1	
	 4	 131	 6	 0	 0	 0	 -1	
	 8	 131	 14	 0	 0	 0	 -1	
	 16	 131	 30	 0	 0	 0	 -1	
	 32	 131	 62	 0	 0	 0	 -1	
	 64	 131	 126	 0	 0	 0	 -1	
Text Length : 128
	 2	 286	 2	 0	 0	 0	 -1	
	 4	 286	 6	 0	 0	 0	 -1	
	 8	 286	 14	 0	 0	 0	 -1	
	 16	 286	 30	 0	 0	 0	 -1	
	 32	 286	 62	 0	 0	 0	 -1	
	 64	 286	 126	 0	 0	 0	 -1	
	 128	 286	 254	 0	 0	 0	 -1	
Text Length : 256
	 2	 533	 2	 0	 0	 0	 -1	
	 4	 533	 6	 0	 0	 0	 -1	
	 8	 533	 14	 0	 0	 0	 -1	
	 16	 533	 30	 0	 0	 0	 -1	
	 32	 533	 62	 0	 0	 0	 -1	
	 64	 533	 126	 0	 0	 0	 -1	
	 128	 533	 254	 0	 0	 0	 -1	
	 256	 533	 510	 0	 0	 0	 -1	
Text Length : 512
	 2	 687	 2	 0	 0	 0	 331	
	 4	 1069	 6	 0	 0	 0	 -1	
	 8	 1069	 14	 0	 0	 0	 -1	
	 16	 1069	 30	 0	 0	 0	 -1	
	 32	 1069	 62	 0	 0	 0	 -1	
	 64	 1069	 126	 0	 0	 0	 -1	
	 128	 1069	 254	 0	 0	 0	 -1	
	 256	 1069	 510	 0	 0	 0	 -1	
	 512	 1069	 1022	 0	 0	 0	 -1	
Text Length : 1024
	 2	 2138	 2	 0	 0	 0	 -1	
	 4	 2138	 6	 0	 0	 0	 -1	
	 8	 2138	 14	 0	 0	 0	 -1	
	 16	 2138	 30	 0	 0	 0	 -1	
	 32	 2138	 62	 0	 0	 0	 -1	
	 64	 2138	 126	 0	 0	 0	 -1	
	 128	 2138	 254	 0	 0	 0	 -1	
	 256	 2138	 510	 0	 0	 0	 -1	
	 512	 2138	 1022	 0	 0	 0	 -1	
	 1024	 2138	 2046	 0	 0	 0	 -1	
Text Length : 2048
	 2	 1080	 2	 0	 0	 0	 511	
	 4	 4354	 6	 0	 0	 0	 -1	
	 8	 4354	 14	 0	 0	 0	 -1	
	 16	 4354	 30	 0	 0	 0	 -1	
	 32	 4354	 62	 0	 0	 0	 -1	
	 64	 4354	 126	 0	 0	 0	 -1	
	 128	 4354	 254	 0	 0	 0	 -1	
	 256	 4354	 510	 0	 0	 0	 -1	
	 512	 4354	 1022	 0	 0	 0	 -1	
	 1024	 4354	 2046	 0	 0	 0	 -1	
	 2048	 4354	 4094	 0	 0	 0	 -1	
Text Length : 4096
	 2	 1297	 2	 0	 0	 0	 609	
	 4	 8684	 6	 0	 0	 0	 -1	
	 8	 8684	 14	 0	 0	 0	 -1	
	 16	 8684	 30	 0	 0	 0	 -1	
	 32	 8684	 62	 0	 0	 0	 -1	
	 64	 8684	 126	 0	 0	 0	 -1	
	 128	 8684	 254	 0	 0	 0	 -1	
	 256	 8684	 510	 0	 0	 0	 -1	
	 512	 8684	 1022	 0	 0	 0	 -1	
	 1024	 8684	 2046	 0	 0	 0	 -1	
	 2048	 8684	 4094	 0	 0	 0	 -1	
	 4096	 8684	 8190	 0	 0	 0	 -1	
Text Length : 8192
	 2	 30	 2	 0	 0	 0	 13	
	 4	 17236	 6	 0	 0	 0	 -1	
	 8	 17236	 14	 0	 0	 0	 -1	
	 16	 17236	 30	 0	 0	 0	 -1	
	 32	 17236	 62	 0	 0	 0	 -1	
	 64	 17236	 126	 0	 0	 0	 -1	
	 128	 17236	 254	 0	 0	 0	 -1	
	 256	 17236	 510	 0	 0	 0	 -1	
	 512	 17236	 1022	 0	 0	 0	 -1	
	 1024	 17236	 2046	 0	 1	 1	 -1	
	 2048	 17236	 4094	 0	 0	 0	 -1	
	 4096	 17236	 8190	 0	 0	 0	 -1	
	 8192	 17236	 16382	 0	 0	 0	 -1	
--- CONDITION 7.2 FIND (N-2) A + B + A ---

	 PATTERN LENGTH	 SEARCH INSPECT TIMES	 CONSTRUCT INSPECT TIMES	 SEARCH TIME(ms)	 CONSTRUCT TIME(ms)	 TOTAL TIME(ms)	 FOUND POSITION	
Text Length : 2
	 2	 4	 2	 0	 0	 0	 -1	
Text Length : 4
	 2	 8	 2	 0	 0	 0	 -1	
	 4	 8	 9	 0	 0	 0	 -1	
Text Length : 8
	 2	 16	 2	 0	 0	 0	 -1	
	 4	 22	 9	 0	 0	 0	 -1	
	 8	 22	 29	 0	 0	 0	 -1	
Text Length : 16
	 2	 32	 2	 0	 0	 0	 -1	
	 4	 32	 9	 0	 0	 0	 -1	
	 8	 32	 29	 0	 0	 0	 -1	
	 16	 32	 69	 0	 0	 0	 -1	
Text Length : 32
	 2	 64	 2	 0	 0	 0	 -1	
	 4	 73	 9	 0	 0	 0	 -1	
	 8	 73	 29	 0	 0	 0	 -1	
	 16	 73	 69	 0	 0	 0	 -1	
	 32	 73	 149	 0	 0	 0	 -1	
Text Length : 64
	 2	 131	 2	 0	 0	 0	 -1	
	 4	 131	 9	 0	 0	 0	 -1	
	 8	 131	 29	 0	 0	 0	 -1	
	 16	 131	 69	 0	 0	 0	 -1	
	 32	 131	 149	 0	 0	 0	 -1	
	 64	 131	 309	 0	 0	 0	 -1	
Text Length : 128
	 2	 271	 2	 0	 0	 1	 -1	
	 4	 274	 9	 0	 0	 0	 -1	
	 8	 274	 29	 0	 0	 0	 -1	
	 16	 274	 69	 0	 0	 0	 -1	
	 32	 274	 149	 0	 0	 0	 -1	
	 64	 274	 309	 0	 0	 0	 -1	
	 128	 274	 629	 0	 0	 0	 -1	
Text Length : 256
	 2	 548	 2	 0	 0	 0	 -1	
	 4	 533	 9	 0	 0	 0	 -1	
	 8	 533	 29	 0	 0	 0	 -1	
	 16	 533	 69	 0	 0	 0	 -1	
	 32	 533	 149	 0	 0	 0	 -1	
	 64	 533	 309	 0	 0	 0	 -1	
	 128	 533	 629	 0	 0	 0	 -1	
	 256	 533	 1269	 0	 0	 0	 -1	
Text Length : 512
	 2	 40	 2	 0	 0	 0	 18	
	 4	 1084	 9	 0	 0	 0	 -1	
	 8	 1084	 29	 0	 0	 0	 -1	
	 16	 1084	 69	 0	 0	 0	 -1	
	 32	 1084	 149	 0	 0	 0	 -1	
	 64	 1084	 309	 0	 0	 0	 -1	
	 128	 1084	 629	 0	 0	 0	 -1	
	 256	 1084	 1269	 0	 0	 0	 -1	
	 512	 1084	 2549	 0	 0	 0	 -1	
Text Length : 1024
	 2	 137	 2	 0	 0	 0	 62	
	 4	 2180	 9	 0	 0	 0	 -1	
	 8	 2180	 29	 0	 0	 0	 -1	
	 16	 2180	 69	 0	 0	 0	 -1	
	 32	 2180	 149	 0	 0	 0	 -1	
	 64	 2180	 309	 0	 0	 0	 -1	
	 128	 2180	 629	 0	 0	 0	 -1	
	 256	 2180	 1269	 0	 0	 0	 -1	
	 512	 2180	 2549	 0	 0	 0	 -1	
	 1024	 2180	 5109	 0	 0	 0	 -1	
Text Length : 2048
	 2	 350	 2	 0	 0	 0	 161	
	 4	 4309	 9	 0	 0	 0	 -1	
	 8	 4309	 29	 0	 0	 0	 -1	
	 16	 4309	 69	 0	 0	 0	 -1	
	 32	 4309	 149	 0	 0	 0	 -1	
	 64	 4309	 309	 0	 0	 0	 -1	
	 128	 4309	 629	 0	 0	 0	 -1	
	 256	 4309	 1269	 0	 0	 0	 -1	
	 512	 4309	 2549	 0	 0	 0	 -1	
	 1024	 4309	 5109	 0	 0	 0	 -1	
	 2048	 4309	 10229	 0	 0	 0	 -1	
Text Length : 4096
	 2	 429	 2	 0	 0	 0	 199	
	 4	 8702	 9	 0	 0	 0	 -1	
	 8	 8705	 29	 0	 0	 0	 -1	
	 16	 8705	 69	 0	 0	 0	 -1	
	 32	 8705	 149	 0	 0	 0	 -1	
	 64	 8705	 309	 0	 0	 0	 -1	
	 128	 8705	 629	 0	 0	 0	 -1	
	 256	 8705	 1269	 0	 0	 0	 -1	
	 512	 8705	 2549	 0	 0	 0	 -1	
	 1024	 8705	 5109	 0	 0	 0	 -1	
	 2048	 8705	 10229	 0	 0	 0	 -1	
	 4096	 8705	 20469	 0	 0	 0	 -1	
Text Length : 8192
	 2	 223	 2	 0	 0	 0	 105	
	 4	 17269	 9	 0	 0	 0	 -1	
	 8	 17269	 29	 0	 0	 0	 -1	
	 16	 17269	 69	 0	 0	 0	 -1	
	 32	 17269	 149	 0	 0	 0	 -1	
	 64	 17269	 309	 0	 0	 0	 -1	
	 128	 17269	 629	 0	 0	 0	 -1	
	 256	 17269	 1269	 1	 0	 1	 -1	
	 512	 17269	 2549	 0	 0	 0	 -1	
	 1024	 17269	 5109	 0	 0	 0	 -1	
	 2048	 17269	 10229	 0	 0	 0	 -1	
	 4096	 17269	 20469	 0	 0	 0	 -1	
	 8192	 17269	 40949	 0	 0	 0	 -1	
--- CONDITION 7.3 FIND (N-1) A + B + (N-1)A ---

	 PATTERN LENGTH	 SEARCH INSPECT TIMES	 CONSTRUCT INSPECT TIMES	 SEARCH TIME(ms)	 CONSTRUCT TIME(ms)	 TOTAL TIME(ms)	 FOUND POSITION	
Text Length : 2
	 3	 4	 4	 0	 0	 0	 -1	
Text Length : 4
	 3	 8	 4	 0	 0	 0	 -1	
	 5	 8	 11	 0	 0	 0	 -1	
Text Length : 8
	 3	 19	 4	 0	 0	 0	 -1	
	 5	 19	 11	 0	 0	 0	 -1	
	 9	 19	 25	 0	 0	 0	 -1	
Text Length : 16
	 3	 35	 4	 0	 0	 0	 -1	
	 5	 35	 11	 0	 0	 0	 -1	
	 9	 35	 25	 0	 0	 0	 -1	
	 17	 35	 53	 0	 0	 0	 -1	
Text Length : 32
	 3	 67	 4	 0	 0	 0	 -1	
	 5	 67	 11	 0	 0	 0	 -1	
	 9	 67	 25	 0	 0	 0	 -1	
	 17	 67	 53	 0	 0	 0	 -1	
	 33	 67	 109	 0	 0	 0	 -1	
Text Length : 64
	 3	 131	 4	 0	 0	 0	 -1	
	 5	 131	 11	 0	 0	 0	 -1	
	 9	 131	 25	 0	 0	 0	 -1	
	 17	 131	 53	 0	 0	 0	 -1	
	 33	 131	 109	 0	 0	 0	 -1	
	 65	 131	 221	 0	 0	 0	 -1	
Text Length : 128
	 3	 280	 4	 0	 0	 0	 -1	
	 5	 280	 11	 0	 0	 0	 -1	
	 9	 280	 25	 0	 0	 0	 -1	
	 17	 280	 53	 0	 0	 0	 -1	
	 33	 280	 109	 0	 0	 0	 -1	
	 65	 280	 221	 0	 0	 0	 -1	
	 129	 280	 445	 0	 0	 0	 -1	
Text Length : 256
	 3	 539	 4	 0	 0	 0	 -1	
	 5	 539	 11	 0	 0	 0	 -1	
	 9	 539	 25	 0	 0	 0	 -1	
	 17	 539	 53	 0	 0	 0	 -1	
	 33	 539	 109	 0	 0	 0	 -1	
	 65	 539	 221	 0	 0	 0	 -1	
	 129	 539	 445	 0	 0	 0	 -1	
	 257	 539	 893	 0	 0	 0	 -1	
Text Length : 512
	 3	 1081	 4	 0	 0	 0	 -1	
	 5	 1081	 11	 0	 0	 0	 -1	
	 9	 1081	 25	 0	 0	 0	 -1	
	 17	 1081	 53	 0	 0	 0	 -1	
	 33	 1081	 109	 0	 0	 0	 -1	
	 65	 1081	 221	 0	 0	 0	 -1	
	 129	 1081	 445	 0	 0	 0	 -1	
	 257	 1081	 893	 0	 0	 0	 -1	
	 513	 1081	 1789	 0	 0	 0	 -1	
Text Length : 1024
	 3	 2186	 4	 0	 0	 0	 -1	
	 5	 2183	 11	 0	 0	 0	 -1	
	 9	 2186	 25	 0	 0	 0	 -1	
	 17	 2186	 53	 0	 0	 0	 -1	
	 33	 2186	 109	 0	 0	 0	 -1	
	 65	 2186	 221	 0	 0	 0	 -1	
	 129	 2186	 445	 0	 0	 0	 -1	
	 257	 2186	 893	 0	 0	 0	 -1	
	 513	 2186	 1789	 0	 0	 0	 -1	
	 1025	 2186	 3581	 0	 0	 0	 -1	
Text Length : 2048
	 3	 4348	 4	 0	 0	 0	 -1	
	 5	 4348	 11	 0	 0	 0	 -1	
	 9	 4348	 25	 0	 0	 0	 -1	
	 17	 4348	 53	 0	 0	 0	 -1	
	 33	 4348	 109	 0	 0	 0	 -1	
	 65	 4348	 221	 0	 0	 0	 -1	
	 129	 4348	 445	 0	 0	 0	 -1	
	 257	 4348	 893	 0	 0	 0	 -1	
	 513	 4348	 1789	 0	 0	 0	 -1	
	 1025	 4348	 3581	 0	 0	 0	 -1	
	 2049	 4348	 7165	 0	 0	 0	 -1	
Text Length : 4096
	 3	 2552	 4	 0	 0	 0	 1192	
	 5	 8675	 11	 0	 0	 0	 -1	
	 9	 8675	 25	 0	 0	 0	 -1	
	 17	 8675	 53	 0	 0	 0	 -1	
	 33	 8675	 109	 0	 0	 0	 -1	
	 65	 8675	 221	 0	 0	 0	 -1	
	 129	 8675	 445	 0	 0	 0	 -1	
	 257	 8675	 893	 0	 0	 0	 -1	
	 513	 8675	 1789	 0	 0	 0	 -1	
	 1025	 8675	 3581	 0	 0	 0	 -1	
	 2049	 8675	 7165	 0	 1	 1	 -1	
	 4097	 8675	 14333	 0	 0	 0	 -1	
Text Length : 8192
	 3	 17383	 4	 0	 0	 0	 -1	
	 5	 17383	 11	 0	 0	 0	 -1	
	 9	 17383	 25	 0	 0	 0	 -1	
	 17	 17383	 53	 0	 0	 0	 -1	
	 33	 17383	 109	 0	 0	 0	 -1	
	 65	 17383	 221	 0	 0	 0	 -1	
	 129	 17383	 445	 0	 0	 0	 -1	
	 257	 17383	 893	 1	 0	 1	 -1	
	 513	 17383	 1789	 0	 0	 0	 -1	
	 1025	 17383	 3581	 0	 0	 0	 -1	
	 2049	 17383	 7165	 0	 0	 0	 -1	
	 4097	 17383	 14333	 0	 0	 0	 -1	
	 8193	 17383	 28669	 0	 0	 0	 -1	
--- CONDITION 7.4 RANDOM PATTERN ---

	 PATTERN LENGTH	 SEARCH INSPECT TIMES	 CONSTRUCT INSPECT TIMES	 SEARCH TIME(ms)	 CONSTRUCT TIME(ms)	 TOTAL TIME(ms)	 FOUND POSITION	
Text Length : 2
	 2	 4	 2	 0	 0	 0	 -1	
Text Length : 4
	 2	 8	 2	 0	 0	 0	 -1	
	 4	 8	 6	 0	 0	 0	 -1	
Text Length : 8
	 2	 16	 2	 0	 0	 0	 -1	
	 4	 16	 6	 0	 0	 0	 -1	
	 8	 22	 14	 0	 0	 0	 -1	
Text Length : 16
	 2	 32	 2	 0	 0	 0	 -1	
	 4	 32	 6	 0	 0	 0	 -1	
	 8	 32	 14	 0	 0	 0	 -1	
	 16	 32	 30	 0	 0	 0	 -1	
Text Length : 32
	 2	 70	 2	 0	 0	 0	 -1	
	 4	 67	 6	 0	 0	 0	 -1	
	 8	 64	 14	 0	 0	 0	 -1	
	 16	 67	 30	 0	 0	 0	 -1	
	 32	 64	 62	 0	 0	 0	 -1	
Text Length : 64
	 2	 140	 2	 0	 0	 0	 -1	
	 4	 137	 6	 0	 0	 0	 -1	
	 8	 134	 14	 0	 0	 0	 -1	
	 16	 134	 30	 0	 0	 0	 -1	
	 32	 137	 68	 0	 0	 0	 -1	
	 64	 128	 138	 0	 0	 0	 -1	
Text Length : 128
	 2	 210	 2	 0	 0	 0	 94	
	 4	 268	 9	 0	 0	 0	 -1	
	 8	 265	 17	 0	 0	 0	 -1	
	 16	 280	 39	 0	 0	 0	 -1	
	 32	 277	 65	 0	 0	 0	 -1	
	 64	 265	 126	 0	 0	 0	 -1	
	 128	 280	 272	 0	 0	 0	 -1	
Text Length : 256
	 2	 548	 2	 0	 0	 0	 -1	
	 4	 548	 6	 0	 0	 0	 -1	
	 8	 542	 17	 0	 0	 0	 -1	
	 16	 548	 30	 0	 0	 0	 -1	
	 32	 551	 65	 0	 0	 0	 -1	
	 64	 548	 138	 0	 0	 0	 -1	
	 128	 545	 263	 0	 0	 0	 -1	
	 256	 530	 537	 0	 0	 0	 -1	
Text Length : 512
	 2	 1087	 2	 0	 0	 0	 -1	
	 4	 1090	 6	 0	 0	 0	 -1	
	 8	 1099	 17	 0	 0	 0	 -1	
	 16	 1090	 30	 0	 0	 0	 -1	
	 32	 1063	 68	 0	 0	 0	 -1	
	 64	 1102	 132	 0	 0	 0	 -1	
	 128	 1087	 266	 0	 0	 0	 -1	
	 256	 1075	 540	 0	 0	 0	 -1	
	 512	 1093	 1082	 0	 0	 0	 -1	
Text Length : 1024
	 2	 1101	 2	 0	 0	 0	 523	
	 4	 2192	 6	 0	 0	 0	 -1	
	 8	 2162	 17	 0	 0	 0	 -1	
	 16	 2192	 30	 0	 0	 0	 -1	
	 32	 2201	 65	 0	 0	 0	 -1	
	 64	 2192	 135	 0	 0	 0	 -1	
	 128	 2201	 275	 0	 0	 0	 -1	
	 256	 2165	 543	 0	 0	 0	 -1	
	 512	 2159	 1076	 0	 0	 0	 -1	
	 1024	 2168	 2196	 0	 0	 0	 -1	
Text Length : 2048
	 2	 1078	 2	 0	 0	 0	 498	
	 4	 4321	 6	 0	 0	 0	 -1	
	 8	 4291	 14	 0	 0	 0	 -1	
	 16	 4354	 30	 0	 0	 0	 -1	
	 32	 4387	 65	 0	 0	 0	 -1	
	 64	 4321	 129	 0	 0	 0	 -1	
	 128	 4339	 260	 0	 0	 0	 -1	
	 256	 4345	 537	 0	 0	 0	 -1	
	 512	 4276	 1103	 0	 0	 0	 -1	
	 1024	 4336	 2142	 0	 0	 0	 -1	
	 2048	 4315	 4334	 0	 0	 0	 -1	
Text Length : 4096
	 2	 2574	 2	 0	 0	 0	 1213	
	 4	 8678	 6	 1	 0	 1	 -1	
	 8	 8696	 14	 0	 0	 0	 -1	
	 16	 8696	 33	 0	 0	 0	 -1	
	 32	 8672	 68	 0	 0	 0	 -1	
	 64	 8678	 141	 0	 0	 0	 -1	
	 128	 8693	 272	 0	 0	 0	 -1	
	 256	 8666	 534	 0	 0	 0	 -1	
	 512	 8639	 1085	 0	 0	 0	 -1	
	 1024	 8654	 2175	 0	 0	 0	 -1	
	 2048	 8696	 4331	 0	 0	 0	 -1	
	 4096	 8651	 8673	 0	 0	 0	 -1	
Text Length : 8192
	 2	 2360	 2	 0	 0	 0	 1121	
	 4	 17284	 6	 0	 0	 0	 -1	
	 8	 17332	 14	 0	 0	 0	 -1	
	 16	 17248	 30	 0	 0	 0	 -1	
	 32	 17296	 62	 0	 0	 0	 -1	
	 64	 17311	 129	 0	 0	 0	 -1	
	 128	 17374	 260	 0	 0	 0	 -1	
	 256	 17356	 555	 0	 0	 0	 -1	
	 512	 17359	 1070	 0	 0	 1	 -1	
	 1024	 17365	 2184	 0	 0	 0	 -1	
	 2048	 17329	 4280	 0	 0	 0	 -1	
	 4096	 17302	 8658	 0	 0	 0	 -1	
	 8192	 17254	 17327	 0	 0	 0	 -1	
