--- CONDITION 1.1 FIND ALL ONES ---

	 PATTERN LENGTH	 SEARCH INSPECT TIMES	 CONSTRUCT INSPECT TIMES	 SEARCH TIME(ms)	 CONSTRUCT TIME(ms)	 TOTAL TIME(ms)	 FOUND POSITION	
Text Length : 2
	 2	 4	 2	 0	 0	 1	 -1	
Text Length : 4
	 2	 8	 2	 0	 0	 0	 -1	
	 4	 8	 6	 0	 0	 0	 -1	
Text Length : 8
	 2	 16	 2	 0	 0	 0	 -1	
	 4	 16	 6	 0	 0	 0	 -1	
	 8	 16	 14	 0	 0	 0	 -1	
Text Length : 16
	 2	 32	 2	 0	 0	 0	 -1	
	 4	 32	 6	 0	 0	 0	 -1	
	 8	 32	 14	 0	 0	 0	 -1	
	 16	 32	 30	 0	 0	 0	 -1	
Text Length : 32
	 2	 64	 2	 0	 0	 0	 -1	
	 4	 64	 6	 0	 0	 0	 -1	
	 8	 64	 14	 0	 0	 0	 -1	
	 16	 64	 30	 0	 0	 0	 -1	
	 32	 64	 62	 0	 0	 0	 -1	
Text Length : 64
	 2	 128	 2	 0	 0	 0	 -1	
	 4	 128	 6	 0	 0	 0	 -1	
	 8	 128	 14	 0	 0	 0	 -1	
	 16	 128	 30	 0	 0	 0	 -1	
	 32	 128	 62	 0	 0	 0	 -1	
	 64	 128	 126	 0	 0	 0	 -1	
Text Length : 128
	 2	 256	 2	 0	 0	 0	 -1	
	 4	 256	 6	 0	 0	 0	 -1	
	 8	 256	 14	 0	 0	 0	 -1	
	 16	 256	 30	 0	 0	 0	 -1	
	 32	 256	 62	 0	 0	 0	 -1	
	 64	 256	 126	 0	 0	 0	 -1	
	 128	 256	 254	 0	 0	 0	 -1	
Text Length : 256
	 2	 512	 2	 0	 0	 0	 -1	
	 4	 512	 6	 0	 0	 0	 -1	
	 8	 512	 14	 0	 0	 0	 -1	
	 16	 512	 30	 0	 0	 0	 -1	
	 32	 512	 62	 0	 0	 0	 -1	
	 64	 512	 126	 0	 0	 0	 -1	
	 128	 512	 254	 0	 0	 0	 -1	
	 256	 512	 510	 0	 0	 0	 -1	
Text Length : 512
	 2	 1024	 2	 0	 0	 0	 -1	
	 4	 1024	 6	 0	 0	 0	 -1	
	 8	 1024	 14	 0	 0	 0	 -1	
	 16	 1024	 30	 0	 0	 0	 -1	
	 32	 1024	 62	 0	 0	 0	 -1	
	 64	 1024	 126	 0	 0	 0	 -1	
	 128	 1024	 254	 0	 0	 0	 -1	
	 256	 1024	 510	 0	 0	 0	 -1	
	 512	 1024	 1022	 0	 0	 0	 -1	
Text Length : 1024
	 2	 2048	 2	 0	 0	 0	 -1	
	 4	 2048	 6	 0	 0	 0	 -1	
	 8	 2048	 14	 0	 0	 0	 -1	
	 16	 2048	 30	 0	 0	 0	 -1	
	 32	 2048	 62	 0	 0	 0	 -1	
	 64	 2048	 126	 0	 0	 0	 -1	
	 128	 2048	 254	 0	 0	 0	 -1	
	 256	 2048	 510	 0	 0	 0	 -1	
	 512	 2048	 1022	 0	 0	 0	 -1	
	 1024	 2048	 2046	 0	 0	 0	 -1	
Text Length : 2048
	 2	 4096	 2	 0	 0	 0	 -1	
	 4	 4096	 6	 0	 0	 0	 -1	
	 8	 4096	 14	 0	 0	 0	 -1	
	 16	 4096	 30	 0	 0	 0	 -1	
	 32	 4096	 62	 0	 0	 0	 -1	
	 64	 4096	 126	 0	 0	 0	 -1	
	 128	 4096	 254	 0	 0	 0	 -1	
	 256	 4096	 510	 0	 0	 0	 -1	
	 512	 4096	 1022	 0	 0	 0	 -1	
	 1024	 4096	 2046	 0	 0	 0	 -1	
	 2048	 4096	 4094	 0	 0	 0	 -1	
Text Length : 4096
	 2	 8192	 2	 0	 0	 0	 -1	
	 4	 8192	 6	 0	 0	 0	 -1	
	 8	 8192	 14	 0	 0	 0	 -1	
	 16	 8192	 30	 0	 0	 0	 -1	
	 32	 8192	 62	 0	 0	 0	 -1	
	 64	 8192	 126	 0	 0	 0	 -1	
	 128	 8192	 254	 0	 0	 0	 -1	
	 256	 8192	 510	 0	 0	 0	 -1	
	 512	 8192	 1022	 0	 0	 0	 -1	
	 1024	 8192	 2046	 0	 0	 0	 -1	
	 2048	 8192	 4094	 1	 1	 4	 -1	
	 4096	 8192	 8190	 0	 0	 0	 -1	
Text Length : 8192
	 2	 16384	 2	 1	 0	 1	 -1	
	 4	 16384	 6	 0	 0	 0	 -1	
	 8	 16384	 14	 1	 0	 1	 -1	
	 16	 16384	 30	 0	 0	 0	 -1	
	 32	 16384	 62	 0	 0	 0	 -1	
	 64	 16384	 126	 0	 0	 0	 -1	
	 128	 16384	 254	 0	 0	 0	 -1	
	 256	 16384	 510	 0	 0	 0	 -1	
	 512	 16384	 1022	 0	 0	 0	 -1	
	 1024	 16384	 2046	 0	 0	 0	 -1	
	 2048	 16384	 4094	 0	 0	 0	 -1	
	 4096	 16384	 8190	 0	 0	 0	 -1	
	 8192	 16384	 16382	 0	 1	 1	 -1	
--- CONDITION 1.2 FIND (N-2) 0 + 1 + 0 ---

	 PATTERN LENGTH	 SEARCH INSPECT TIMES	 CONSTRUCT INSPECT TIMES	 SEARCH TIME(ms)	 CONSTRUCT TIME(ms)	 TOTAL TIME(ms)	 FOUND POSITION	
Text Length : 2
	 2	 4	 2	 0	 0	 0	 -1	
Text Length : 4
	 2	 8	 2	 0	 0	 0	 -1	
	 4	 14	 9	 0	 0	 0	 -1	
Text Length : 8
	 2	 16	 2	 0	 0	 0	 -1	
	 4	 34	 9	 0	 0	 0	 -1	
	 8	 22	 29	 0	 0	 0	 -1	
Text Length : 16
	 2	 32	 2	 0	 0	 0	 -1	
	 4	 74	 9	 0	 0	 0	 -1	
	 8	 62	 29	 0	 0	 0	 -1	
	 16	 38	 69	 0	 0	 0	 -1	
Text Length : 32
	 2	 64	 2	 0	 0	 0	 -1	
	 4	 154	 9	 0	 0	 0	 -1	
	 8	 142	 29	 0	 0	 0	 -1	
	 16	 118	 69	 0	 0	 0	 -1	
	 32	 70	 149	 0	 0	 0	 -1	
Text Length : 64
	 2	 128	 2	 0	 0	 0	 -1	
	 4	 314	 9	 0	 0	 0	 -1	
	 8	 302	 29	 0	 0	 0	 -1	
	 16	 278	 69	 0	 0	 0	 -1	
	 32	 230	 149	 0	 0	 0	 -1	
	 64	 134	 309	 0	 0	 0	 -1	
Text Length : 128
	 2	 256	 2	 0	 0	 0	 -1	
	 4	 634	 9	 0	 0	 0	 -1	
	 8	 622	 29	 0	 0	 0	 -1	
	 16	 598	 69	 0	 0	 0	 -1	
	 32	 550	 149	 0	 0	 0	 -1	
	 64	 454	 309	 0	 0	 0	 -1	
	 128	 262	 629	 0	 1	 1	 -1	
Text Length : 256
	 2	 512	 2	 0	 0	 0	 -1	
	 4	 1274	 9	 0	 0	 0	 -1	
	 8	 1262	 29	 0	 0	 0	 -1	
	 16	 1238	 69	 0	 0	 0	 -1	
	 32	 1190	 149	 0	 0	 0	 -1	
	 64	 1094	 309	 0	 0	 0	 -1	
	 128	 902	 629	 1	 0	 1	 -1	
	 256	 518	 1269	 0	 0	 0	 -1	
Text Length : 512
	 2	 1024	 2	 0	 0	 0	 -1	
	 4	 2554	 9	 0	 0	 0	 -1	
	 8	 2542	 29	 0	 0	 0	 -1	
	 16	 2518	 69	 0	 0	 0	 -1	
	 32	 2470	 149	 0	 0	 0	 -1	
	 64	 2374	 309	 0	 0	 0	 -1	
	 128	 2182	 629	 1	 0	 1	 -1	
	 256	 1798	 1269	 0	 0	 0	 -1	
	 512	 1030	 2549	 0	 0	 0	 -1	
Text Length : 1024
	 2	 2048	 2	 0	 0	 0	 -1	
	 4	 5114	 9	 0	 0	 0	 -1	
	 8	 5102	 29	 0	 0	 0	 -1	
	 16	 5078	 69	 0	 0	 0	 -1	
	 32	 5030	 149	 0	 0	 0	 -1	
	 64	 4934	 309	 0	 0	 0	 -1	
	 128	 4742	 629	 1	 0	 1	 -1	
	 256	 4358	 1269	 0	 0	 0	 -1	
	 512	 3590	 2549	 0	 0	 0	 -1	
	 1024	 2054	 5109	 0	 1	 1	 -1	
Text Length : 2048
	 2	 4096	 2	 0	 0	 0	 -1	
	 4	 10234	 9	 0	 0	 0	 -1	
	 8	 10222	 29	 1	 0	 1	 -1	
	 16	 10198	 69	 0	 0	 0	 -1	
	 32	 10150	 149	 1	 0	 1	 -1	
	 64	 10054	 309	 0	 0	 0	 -1	
	 128	 9862	 629	 0	 0	 0	 -1	
	 256	 9478	 1269	 1	 0	 1	 -1	
	 512	 8710	 2549	 0	 0	 0	 -1	
	 1024	 7174	 5109	 1	 0	 1	 -1	
	 2048	 4102	 10229	 0	 0	 0	 -1	
Text Length : 4096
	 2	 8192	 2	 0	 0	 0	 -1	
	 4	 20474	 9	 0	 0	 0	 -1	
	 8	 20462	 29	 0	 0	 0	 -1	
	 16	 20438	 69	 0	 0	 0	 -1	
	 32	 20390	 149	 0	 0	 0	 -1	
	 64	 20294	 309	 0	 0	 0	 -1	
	 128	 20102	 629	 0	 0	 0	 -1	
	 256	 19718	 1269	 0	 0	 0	 -1	
	 512	 18950	 2549	 0	 0	 0	 -1	
	 1024	 17414	 5109	 1	 0	 1	 -1	
	 2048	 14342	 10229	 0	 0	 0	 -1	
	 4096	 8198	 20469	 0	 0	 0	 -1	
Text Length : 8192
	 2	 16384	 2	 0	 0	 0	 -1	
	 4	 40954	 9	 0	 0	 0	 -1	
	 8	 40942	 29	 0	 0	 0	 -1	
	 16	 40918	 69	 0	 0	 0	 -1	
	 32	 40870	 149	 0	 0	 0	 -1	
	 64	 40774	 309	 0	 0	 0	 -1	
	 128	 40582	 629	 0	 0	 0	 -1	
	 256	 40198	 1269	 1	 0	 1	 -1	
	 512	 39430	 2549	 0	 0	 0	 -1	
	 1024	 37894	 5109	 0	 0	 0	 -1	
	 2048	 34822	 10229	 0	 0	 0	 -1	
	 4096	 28678	 20469	 0	 0	 0	 -1	
	 8192	 16390	 40949	 0	 0	 0	 -1	
--- CONDITION 1.3 FIND N*0 IN (N-1) 0 + 1 + (N-1)0 ---

	 PATTERN LENGTH	 SEARCH INSPECT TIMES	 CONSTRUCT INSPECT TIMES	 SEARCH TIME(ms)	 CONSTRUCT TIME(ms)	 TOTAL TIME(ms)	 FOUND POSITION	
Text Length : 3
	 2	 9	 2	 0	 0	 0	 -1	
Text Length : 7
	 2	 4	 2	 0	 0	 0	 0	
	 4	 23	 6	 0	 0	 0	 -1	
Text Length : 15
	 2	 4	 2	 0	 0	 0	 0	
	 4	 8	 6	 0	 0	 0	 0	
	 8	 51	 14	 0	 0	 0	 -1	
Text Length : 31
	 2	 4	 2	 0	 0	 0	 0	
	 4	 8	 6	 0	 0	 0	 0	
	 8	 16	 14	 0	 0	 0	 0	
	 16	 107	 30	 0	 0	 0	 -1	
Text Length : 63
	 2	 4	 2	 0	 0	 0	 0	
	 4	 8	 6	 0	 0	 0	 0	
	 8	 16	 14	 0	 0	 0	 0	
	 16	 32	 30	 0	 0	 0	 0	
	 32	 219	 62	 0	 0	 0	 -1	
Text Length : 127
	 2	 4	 2	 0	 0	 0	 0	
	 4	 8	 6	 0	 0	 0	 0	
	 8	 16	 14	 0	 0	 0	 0	
	 16	 32	 30	 0	 0	 0	 0	
	 32	 64	 62	 0	 0	 0	 0	
	 64	 443	 126	 0	 0	 0	 -1	
Text Length : 255
	 2	 4	 2	 0	 0	 0	 0	
	 4	 8	 6	 0	 0	 0	 0	
	 8	 16	 14	 0	 0	 0	 0	
	 16	 32	 30	 0	 0	 0	 0	
	 32	 64	 62	 0	 0	 0	 0	
	 64	 128	 126	 0	 0	 0	 0	
	 128	 891	 254	 1	 0	 1	 -1	
Text Length : 511
	 2	 4	 2	 0	 0	 0	 0	
	 4	 8	 6	 0	 0	 0	 0	
	 8	 16	 14	 0	 0	 0	 0	
	 16	 32	 30	 0	 0	 0	 0	
	 32	 64	 62	 0	 0	 0	 0	
	 64	 128	 126	 0	 0	 0	 0	
	 128	 256	 254	 0	 0	 0	 0	
	 256	 1787	 510	 0	 0	 0	 -1	
Text Length : 1023
	 2	 4	 2	 0	 0	 0	 0	
	 4	 8	 6	 0	 0	 0	 0	
	 8	 16	 14	 0	 0	 0	 0	
	 16	 32	 30	 0	 0	 0	 0	
	 32	 64	 62	 0	 0	 0	 0	
	 64	 128	 126	 0	 0	 0	 0	
	 128	 256	 254	 0	 0	 0	 0	
	 256	 512	 510	 0	 0	 0	 0	
	 512	 3579	 1022	 1	 0	 1	 -1	
Text Length : 2047
	 2	 4	 2	 0	 0	 0	 0	
	 4	 8	 6	 0	 0	 0	 0	
	 8	 16	 14	 0	 0	 0	 0	
	 16	 32	 30	 0	 0	 0	 0	
	 32	 64	 62	 0	 0	 0	 0	
	 64	 128	 126	 0	 0	 0	 0	
	 128	 256	 254	 0	 0	 0	 0	
	 256	 512	 510	 0	 0	 0	 0	
	 512	 1024	 1022	 0	 0	 0	 0	
	 1024	 7163	 2046	 0	 0	 0	 -1	
Text Length : 4095
	 2	 4	 2	 0	 0	 0	 0	
	 4	 8	 6	 0	 0	 0	 0	
	 8	 16	 14	 0	 0	 0	 0	
	 16	 32	 30	 0	 0	 0	 0	
	 32	 64	 62	 0	 0	 0	 0	
	 64	 128	 126	 0	 0	 0	 0	
	 128	 256	 254	 0	 0	 0	 0	
	 256	 512	 510	 0	 0	 0	 0	
	 512	 1024	 1022	 0	 0	 0	 0	
	 1024	 2048	 2046	 0	 0	 0	 0	
	 2048	 14331	 4094	 0	 0	 0	 -1	
Text Length : 8191
	 2	 4	 2	 0	 0	 0	 0	
	 4	 8	 6	 0	 0	 0	 0	
	 8	 16	 14	 0	 0	 0	 0	
	 16	 32	 30	 0	 0	 0	 0	
	 32	 64	 62	 0	 0	 0	 0	
	 64	 128	 126	 0	 0	 0	 0	
	 128	 256	 254	 0	 0	 0	 0	
	 256	 512	 510	 0	 0	 0	 0	
	 512	 1024	 1022	 0	 0	 0	 0	
	 1024	 2048	 2046	 0	 0	 0	 0	
	 2048	 4096	 4094	 0	 0	 0	 0	
	 4096	 28667	 8190	 0	 0	 0	 -1	
Text Length : 16383
	 2	 4	 2	 0	 0	 0	 0	
	 4	 8	 6	 0	 0	 0	 0	
	 8	 16	 14	 0	 0	 1	 0	
	 16	 32	 30	 0	 0	 0	 0	
	 32	 64	 62	 0	 0	 0	 0	
	 64	 128	 126	 0	 0	 0	 0	
	 128	 256	 254	 0	 0	 0	 0	
	 256	 512	 510	 0	 0	 0	 0	
	 512	 1024	 1022	 0	 0	 0	 0	
	 1024	 2048	 2046	 0	 0	 0	 0	
	 2048	 4096	 4094	 0	 0	 0	 0	
	 4096	 8192	 8190	 0	 0	 0	 0	
	 8192	 57339	 16382	 0	 1	 1	 -1	
--- CONDITION 1.4 RANDOM ---

	 PATTERN LENGTH	 SEARCH INSPECT TIMES	 CONSTRUCT INSPECT TIMES	 SEARCH TIME(ms)	 CONSTRUCT TIME(ms)	 TOTAL TIME(ms)	 FOUND POSITION	
Text Length : 2
	 2	 4	 2	 0	 0	 0	 -1	
Text Length : 4
	 2	 8	 2	 0	 0	 0	 -1	
	 4	 17	 6	 0	 0	 0	 -1	
Text Length : 8
	 2	 37	 2	 0	 0	 0	 -1	
	 4	 31	 12	 0	 0	 0	 -1	
	 8	 16	 17	 0	 0	 0	 -1	
Text Length : 16
	 2	 32	 2	 0	 0	 0	 -1	
	 4	 32	 6	 0	 0	 0	 -1	
	 8	 32	 23	 0	 0	 0	 -1	
	 16	 74	 42	 0	 0	 1	 -1	
Text Length : 32
	 2	 64	 2	 0	 0	 0	 -1	
	 4	 64	 12	 0	 0	 0	 -1	
	 8	 64	 23	 0	 0	 0	 -1	
	 16	 151	 45	 0	 0	 0	 -1	
	 32	 64	 92	 0	 0	 0	 -1	
Text Length : 64
	 2	 128	 2	 0	 0	 0	 -1	
	 4	 128	 6	 0	 0	 0	 -1	
	 8	 311	 20	 0	 0	 0	 -1	
	 16	 317	 42	 0	 0	 0	 -1	
	 32	 317	 101	 0	 0	 0	 -1	
	 64	 128	 198	 0	 0	 0	 -1	
Text Length : 128
	 2	 4	 2	 0	 0	 0	 0	
	 4	 631	 12	 0	 0	 0	 -1	
	 8	 256	 23	 0	 0	 0	 -1	
	 16	 256	 63	 0	 0	 0	 -1	
	 32	 631	 95	 0	 0	 0	 -1	
	 64	 634	 204	 0	 0	 0	 -1	
	 128	 256	 383	 0	 0	 0	 -1	
Text Length : 256
	 2	 512	 2	 0	 0	 0	 -1	
	 4	 1274	 9	 0	 0	 0	 -1	
	 8	 512	 20	 0	 0	 0	 -1	
	 16	 1274	 39	 0	 0	 0	 -1	
	 32	 512	 104	 0	 0	 0	 -1	
	 64	 1277	 213	 0	 0	 0	 -1	
	 128	 1274	 386	 0	 0	 0	 -1	
	 256	 1277	 783	 0	 0	 1	 -1	
Text Length : 512
	 2	 2557	 2	 0	 0	 0	 -1	
	 4	 1024	 12	 0	 0	 0	 -1	
	 8	 1024	 23	 0	 0	 0	 -1	
	 16	 1024	 42	 0	 0	 0	 -1	
	 32	 1024	 95	 0	 0	 0	 -1	
	 64	 1024	 231	 0	 0	 0	 -1	
	 128	 1024	 371	 0	 0	 0	 -1	
	 256	 2551	 804	 0	 0	 0	 -1	
	 512	 2551	 1541	 0	 0	 0	 -1	
Text Length : 1024
	 2	 5117	 2	 0	 0	 0	 -1	
	 4	 5117	 6	 0	 0	 0	 -1	
	 8	 5114	 23	 0	 0	 0	 -1	
	 16	 2048	 54	 0	 0	 0	 -1	
	 32	 2048	 104	 0	 0	 0	 -1	
	 64	 5114	 186	 0	 0	 0	 -1	
	 128	 2048	 413	 0	 0	 0	 -1	
	 256	 5108	 804	 0	 0	 0	 -1	
	 512	 5108	 1655	 0	 0	 0	 -1	
	 1024	 2048	 3321	 0	 0	 0	 -1	
Text Length : 2048
	 2	 10237	 2	 0	 0	 0	 -1	
	 4	 4096	 9	 0	 0	 0	 -1	
	 8	 4096	 23	 0	 0	 0	 -1	
	 16	 10237	 45	 0	 0	 0	 -1	
	 32	 4096	 104	 0	 0	 0	 -1	
	 64	 10234	 189	 0	 0	 0	 -1	
	 128	 4096	 419	 0	 0	 0	 -1	
	 256	 4096	 810	 0	 0	 0	 -1	
	 512	 10234	 1520	 0	 0	 0	 -1	
	 1024	 10231	 3108	 0	 0	 0	 -1	
	 2048	 4096	 7055	 0	 0	 0	 -1	
Text Length : 4096
	 2	 4	 2	 0	 0	 0	 0	
	 4	 8192	 6	 0	 0	 0	 -1	
	 8	 8192	 23	 0	 0	 0	 -1	
	 16	 8192	 48	 0	 0	 0	 -1	
	 32	 20474	 104	 0	 0	 0	 -1	
	 64	 20468	 192	 0	 0	 0	 -1	
	 128	 8192	 443	 0	 0	 0	 -1	
	 256	 8192	 873	 0	 0	 0	 -1	
	 512	 8192	 1559	 0	 0	 0	 -1	
	 1024	 8192	 3189	 0	 0	 0	 -1	
	 2048	 20474	 6107	 0	 1	 1	 -1	
	 4096	 8192	 13224	 0	 0	 0	 -1	
Text Length : 8192
	 2	 16384	 2	 0	 0	 0	 -1	
	 4	 16384	 6	 0	 0	 0	 -1	
	 8	 16384	 23	 0	 0	 0	 -1	
	 16	 16384	 45	 0	 0	 0	 -1	
	 32	 40954	 89	 1	 0	 1	 -1	
	 64	 40942	 225	 0	 0	 0	 -1	
	 128	 16384	 413	 0	 0	 0	 -1	
	 256	 16384	 789	 0	 0	 0	 -1	
	 512	 16384	 1766	 0	 0	 0	 -1	
	 1024	 16384	 3594	 1	 0	 1	 -1	
	 2048	 40951	 6311	 0	 0	 0	 -1	
	 4096	 40948	 13176	 0	 0	 0	 -1	
	 8192	 16384	 27554	 0	 0	 0	 -1	
