--- CONDITION 4.1 FIND ALL ONES ---

	 PATTERN LENGTH	 SEARCH INSPECT TIMES	 CONSTRUCT INSPECT TIMES	 SEARCH TIME(ms)	 CONSTRUCT TIME(ms)	 TOTAL TIME(ms)	 FOUND POSITION	
Text Length : 2
	 2	 4	 2	 0	 0	 0	 -1	
Text Length : 4
	 2	 11	 2	 0	 0	 0	 -1	
	 4	 11	 6	 0	 0	 0	 -1	
Text Length : 8
	 2	 25	 2	 0	 0	 0	 -1	
	 4	 25	 6	 0	 0	 0	 -1	
	 8	 25	 14	 0	 0	 0	 -1	
Text Length : 16
	 2	 53	 2	 0	 0	 0	 -1	
	 4	 53	 6	 0	 0	 0	 -1	
	 8	 53	 14	 0	 0	 0	 -1	
	 16	 53	 30	 0	 0	 0	 -1	
Text Length : 32
	 2	 109	 2	 0	 0	 0	 -1	
	 4	 109	 6	 0	 0	 0	 -1	
	 8	 109	 14	 0	 0	 0	 -1	
	 16	 109	 30	 0	 0	 0	 -1	
	 32	 109	 62	 0	 0	 0	 -1	
Text Length : 64
	 2	 221	 2	 0	 0	 0	 -1	
	 4	 221	 6	 0	 0	 0	 -1	
	 8	 221	 14	 0	 0	 0	 -1	
	 16	 221	 30	 0	 0	 0	 -1	
	 32	 221	 62	 0	 0	 0	 -1	
	 64	 221	 126	 0	 0	 0	 -1	
Text Length : 128
	 2	 445	 2	 0	 0	 0	 -1	
	 4	 445	 6	 0	 0	 0	 -1	
	 8	 445	 14	 0	 0	 0	 -1	
	 16	 445	 30	 0	 0	 0	 -1	
	 32	 445	 62	 0	 0	 0	 -1	
	 64	 445	 126	 0	 0	 0	 -1	
	 128	 445	 254	 0	 0	 0	 -1	
Text Length : 256
	 2	 893	 2	 0	 0	 0	 -1	
	 4	 893	 6	 0	 0	 0	 -1	
	 8	 893	 14	 0	 0	 0	 -1	
	 16	 893	 30	 0	 0	 0	 -1	
	 32	 893	 62	 0	 0	 0	 -1	
	 64	 893	 126	 0	 0	 0	 -1	
	 128	 893	 254	 0	 0	 0	 -1	
	 256	 893	 510	 0	 0	 0	 -1	
Text Length : 512
	 2	 1789	 2	 0	 0	 0	 -1	
	 4	 1789	 6	 0	 0	 0	 -1	
	 8	 1789	 14	 0	 0	 0	 -1	
	 16	 1789	 30	 0	 0	 0	 -1	
	 32	 1789	 62	 0	 0	 0	 -1	
	 64	 1789	 126	 0	 0	 0	 -1	
	 128	 1789	 254	 0	 0	 0	 -1	
	 256	 1789	 510	 0	 0	 0	 -1	
	 512	 1789	 1022	 0	 0	 0	 -1	
Text Length : 1024
	 2	 3581	 2	 0	 0	 0	 -1	
	 4	 3581	 6	 0	 0	 0	 -1	
	 8	 3581	 14	 0	 0	 0	 -1	
	 16	 3581	 30	 0	 0	 0	 -1	
	 32	 3581	 62	 0	 0	 0	 -1	
	 64	 3581	 126	 0	 0	 0	 -1	
	 128	 3581	 254	 0	 0	 0	 -1	
	 256	 3581	 510	 0	 0	 0	 -1	
	 512	 3581	 1022	 0	 0	 0	 -1	
	 1024	 3581	 2046	 0	 0	 0	 -1	
Text Length : 2048
	 2	 7165	 2	 0	 0	 0	 -1	
	 4	 7165	 6	 0	 0	 0	 -1	
	 8	 7165	 14	 0	 0	 0	 -1	
	 16	 7165	 30	 0	 0	 0	 -1	
	 32	 7165	 62	 0	 0	 0	 -1	
	 64	 7165	 126	 0	 0	 0	 -1	
	 128	 7165	 254	 0	 0	 0	 -1	
	 256	 7165	 510	 0	 0	 0	 -1	
	 512	 7165	 1022	 0	 0	 0	 -1	
	 1024	 7165	 2046	 0	 0	 0	 -1	
	 2048	 7165	 4094	 0	 0	 0	 -1	
Text Length : 4096
	 2	 14333	 2	 0	 0	 0	 -1	
	 4	 14333	 6	 0	 0	 0	 -1	
	 8	 14333	 14	 0	 0	 0	 -1	
	 16	 14333	 30	 0	 0	 0	 -1	
	 32	 14333	 62	 0	 0	 0	 -1	
	 64	 14333	 126	 0	 0	 0	 -1	
	 128	 14333	 254	 0	 0	 0	 -1	
	 256	 14333	 510	 0	 0	 0	 -1	
	 512	 14333	 1022	 0	 0	 0	 -1	
	 1024	 14333	 2046	 0	 0	 0	 -1	
	 2048	 14333	 4094	 0	 0	 0	 -1	
	 4096	 14333	 8190	 0	 0	 0	 -1	
Text Length : 8192
	 2	 28669	 2	 0	 0	 0	 -1	
	 4	 28669	 6	 0	 0	 0	 -1	
	 8	 28669	 14	 0	 0	 0	 -1	
	 16	 28669	 30	 0	 0	 0	 -1	
	 32	 28669	 62	 0	 0	 0	 -1	
	 64	 28669	 126	 0	 0	 0	 -1	
	 128	 28669	 254	 0	 0	 0	 -1	
	 256	 28669	 510	 0	 0	 0	 -1	
	 512	 28669	 1022	 0	 0	 0	 -1	
	 1024	 28669	 2046	 0	 0	 0	 -1	
	 2048	 28669	 4094	 0	 0	 0	 -1	
	 4096	 28669	 8190	 0	 0	 0	 -1	
	 8192	 28669	 16382	 0	 1	 1	 -1	
--- CONDITION 4.2 FIND (N-2) 0 + 1 + 0 ---

	 PATTERN LENGTH	 SEARCH INSPECT TIMES	 CONSTRUCT INSPECT TIMES	 SEARCH TIME(ms)	 CONSTRUCT TIME(ms)	 TOTAL TIME(ms)	 FOUND POSITION	
Text Length : 2
	 2	 4	 2	 0	 0	 0	 -1	
Text Length : 4
	 2	 6	 2	 0	 0	 0	 1	
	 4	 14	 9	 0	 0	 0	 -1	
Text Length : 8
	 2	 6	 2	 0	 0	 0	 1	
	 4	 28	 9	 0	 0	 0	 -1	
	 8	 28	 29	 0	 0	 0	 -1	
Text Length : 16
	 2	 6	 2	 0	 0	 0	 1	
	 4	 56	 9	 0	 0	 0	 -1	
	 8	 56	 29	 0	 0	 0	 -1	
	 16	 56	 69	 0	 0	 0	 -1	
Text Length : 32
	 2	 6	 2	 0	 0	 0	 1	
	 4	 112	 9	 0	 0	 0	 -1	
	 8	 112	 29	 0	 0	 0	 -1	
	 16	 112	 69	 0	 0	 0	 -1	
	 32	 112	 149	 0	 0	 0	 -1	
Text Length : 64
	 2	 6	 2	 0	 0	 0	 1	
	 4	 224	 9	 0	 0	 0	 -1	
	 8	 224	 29	 0	 0	 0	 -1	
	 16	 224	 69	 0	 0	 0	 -1	
	 32	 224	 149	 0	 0	 0	 -1	
	 64	 224	 309	 0	 0	 0	 -1	
Text Length : 128
	 2	 6	 2	 0	 0	 0	 1	
	 4	 448	 9	 0	 0	 0	 -1	
	 8	 448	 29	 0	 0	 0	 -1	
	 16	 448	 69	 0	 0	 0	 -1	
	 32	 448	 149	 0	 0	 0	 -1	
	 64	 448	 309	 0	 0	 0	 -1	
	 128	 448	 629	 0	 0	 0	 -1	
Text Length : 256
	 2	 6	 2	 0	 0	 0	 1	
	 4	 896	 9	 0	 0	 0	 -1	
	 8	 896	 29	 0	 0	 0	 -1	
	 16	 896	 69	 0	 0	 0	 -1	
	 32	 896	 149	 0	 0	 0	 -1	
	 64	 896	 309	 0	 0	 0	 -1	
	 128	 896	 629	 0	 0	 0	 -1	
	 256	 896	 1269	 0	 0	 0	 -1	
Text Length : 512
	 2	 6	 2	 0	 0	 0	 1	
	 4	 1792	 9	 0	 0	 0	 -1	
	 8	 1792	 29	 0	 0	 0	 -1	
	 16	 1792	 69	 0	 0	 0	 -1	
	 32	 1792	 149	 0	 0	 0	 -1	
	 64	 1792	 309	 0	 0	 0	 -1	
	 128	 1792	 629	 0	 0	 0	 -1	
	 256	 1792	 1269	 0	 0	 0	 -1	
	 512	 1792	 2549	 0	 0	 0	 -1	
Text Length : 1024
	 2	 6	 2	 0	 0	 0	 1	
	 4	 3584	 9	 0	 0	 0	 -1	
	 8	 3584	 29	 0	 0	 0	 -1	
	 16	 3584	 69	 0	 0	 0	 -1	
	 32	 3584	 149	 0	 0	 0	 -1	
	 64	 3584	 309	 0	 0	 0	 -1	
	 128	 3584	 629	 0	 0	 0	 -1	
	 256	 3584	 1269	 0	 0	 0	 -1	
	 512	 3584	 2549	 0	 0	 0	 -1	
	 1024	 3584	 5109	 0	 0	 0	 -1	
Text Length : 2048
	 2	 6	 2	 0	 0	 0	 1	
	 4	 7168	 9	 0	 0	 0	 -1	
	 8	 7168	 29	 0	 0	 0	 -1	
	 16	 7168	 69	 0	 0	 0	 -1	
	 32	 7168	 149	 0	 0	 0	 -1	
	 64	 7168	 309	 0	 0	 0	 -1	
	 128	 7168	 629	 0	 0	 0	 -1	
	 256	 7168	 1269	 0	 0	 0	 -1	
	 512	 7168	 2549	 0	 0	 0	 -1	
	 1024	 7168	 5109	 0	 0	 0	 -1	
	 2048	 7168	 10229	 0	 0	 0	 -1	
Text Length : 4096
	 2	 6	 2	 0	 0	 0	 1	
	 4	 14336	 9	 0	 0	 0	 -1	
	 8	 14336	 29	 0	 0	 0	 -1	
	 16	 14336	 69	 0	 0	 0	 -1	
	 32	 14336	 149	 0	 0	 0	 -1	
	 64	 14336	 309	 0	 0	 0	 -1	
	 128	 14336	 629	 0	 0	 0	 -1	
	 256	 14336	 1269	 0	 0	 0	 -1	
	 512	 14336	 2549	 0	 0	 0	 -1	
	 1024	 14336	 5109	 0	 0	 0	 -1	
	 2048	 14336	 10229	 0	 0	 0	 -1	
	 4096	 14336	 20469	 0	 0	 0	 -1	
Text Length : 8192
	 2	 6	 2	 0	 0	 0	 1	
	 4	 28672	 9	 0	 0	 0	 -1	
	 8	 28672	 29	 0	 0	 0	 -1	
	 16	 28672	 69	 0	 0	 0	 -1	
	 32	 28672	 149	 0	 0	 0	 -1	
	 64	 28672	 309	 0	 0	 0	 -1	
	 128	 28672	 629	 0	 0	 0	 -1	
	 256	 28672	 1269	 0	 0	 0	 -1	
	 512	 28672	 2549	 0	 0	 0	 -1	
	 1024	 28672	 5109	 0	 0	 0	 -1	
	 2048	 28672	 10229	 0	 0	 0	 -1	
	 4096	 28672	 20469	 0	 0	 0	 -1	
	 8192	 28672	 40949	 0	 0	 0	 -1	
--- CONDITION 4.3 FIND N*0 IN (N-1) 0 + 1 + (N-1)0 ---

	 PATTERN LENGTH	 SEARCH INSPECT TIMES	 CONSTRUCT INSPECT TIMES	 SEARCH TIME(ms)	 CONSTRUCT TIME(ms)	 TOTAL TIME(ms)	 FOUND POSITION	
Text Length : 5
	 2	 16	 2	 0	 0	 0	 -1	
Text Length : 9
	 2	 30	 2	 0	 0	 0	 -1	
	 4	 30	 6	 0	 0	 0	 -1	
Text Length : 17
	 2	 58	 2	 0	 0	 0	 -1	
	 4	 58	 6	 0	 0	 0	 -1	
	 8	 58	 14	 0	 0	 0	 -1	
Text Length : 33
	 2	 114	 2	 0	 0	 0	 -1	
	 4	 114	 6	 0	 0	 0	 -1	
	 8	 114	 14	 0	 0	 0	 -1	
	 16	 114	 30	 0	 0	 0	 -1	
Text Length : 65
	 2	 226	 2	 0	 0	 0	 -1	
	 4	 226	 6	 0	 0	 0	 -1	
	 8	 226	 14	 0	 0	 0	 -1	
	 16	 226	 30	 0	 0	 0	 -1	
	 32	 226	 62	 0	 0	 0	 -1	
Text Length : 129
	 2	 450	 2	 0	 0	 0	 -1	
	 4	 450	 6	 0	 0	 0	 -1	
	 8	 450	 14	 0	 0	 0	 -1	
	 16	 450	 30	 0	 0	 0	 -1	
	 32	 450	 62	 0	 0	 0	 -1	
	 64	 450	 126	 0	 0	 0	 -1	
Text Length : 257
	 2	 898	 2	 0	 0	 0	 -1	
	 4	 898	 6	 0	 0	 0	 -1	
	 8	 898	 14	 0	 0	 0	 -1	
	 16	 898	 30	 0	 0	 0	 -1	
	 32	 898	 62	 0	 0	 0	 -1	
	 64	 898	 126	 0	 0	 0	 -1	
	 128	 898	 254	 0	 0	 0	 -1	
Text Length : 513
	 2	 1794	 2	 0	 0	 0	 -1	
	 4	 1794	 6	 0	 0	 0	 -1	
	 8	 1794	 14	 0	 0	 0	 -1	
	 16	 1794	 30	 0	 0	 0	 -1	
	 32	 1794	 62	 0	 0	 0	 -1	
	 64	 1794	 126	 0	 0	 0	 -1	
	 128	 1794	 254	 0	 0	 0	 -1	
	 256	 1794	 510	 0	 0	 0	 -1	
Text Length : 1025
	 2	 3586	 2	 0	 0	 0	 -1	
	 4	 3586	 6	 0	 0	 0	 -1	
	 8	 3586	 14	 0	 0	 0	 -1	
	 16	 3586	 30	 0	 0	 0	 -1	
	 32	 3586	 62	 0	 0	 0	 -1	
	 64	 3586	 126	 0	 0	 0	 -1	
	 128	 3586	 254	 0	 0	 0	 -1	
	 256	 3586	 510	 0	 0	 0	 -1	
	 512	 3586	 1022	 0	 0	 0	 -1	
Text Length : 2049
	 2	 7170	 2	 0	 0	 0	 -1	
	 4	 7170	 6	 0	 0	 0	 -1	
	 8	 7170	 14	 0	 0	 0	 -1	
	 16	 7170	 30	 0	 0	 0	 -1	
	 32	 7170	 62	 0	 0	 0	 -1	
	 64	 7170	 126	 0	 0	 0	 -1	
	 128	 7170	 254	 0	 0	 0	 -1	
	 256	 7170	 510	 0	 0	 0	 -1	
	 512	 7170	 1022	 0	 0	 0	 -1	
	 1024	 7170	 2046	 0	 0	 0	 -1	
Text Length : 4097
	 2	 14338	 2	 0	 0	 0	 -1	
	 4	 14338	 6	 0	 0	 0	 -1	
	 8	 14338	 14	 0	 0	 0	 -1	
	 16	 14338	 30	 0	 0	 1	 -1	
	 32	 14338	 62	 0	 0	 0	 -1	
	 64	 14338	 126	 0	 0	 0	 -1	
	 128	 14338	 254	 0	 0	 0	 -1	
	 256	 14338	 510	 0	 0	 0	 -1	
	 512	 14338	 1022	 0	 0	 0	 -1	
	 1024	 14338	 2046	 0	 0	 0	 -1	
	 2048	 14338	 4094	 0	 0	 0	 -1	
Text Length : 8193
	 2	 28674	 2	 0	 0	 0	 -1	
	 4	 28674	 6	 0	 0	 0	 -1	
	 8	 28674	 14	 0	 0	 0	 -1	
	 16	 28674	 30	 0	 0	 0	 -1	
	 32	 28674	 62	 0	 0	 1	 -1	
	 64	 28674	 126	 0	 0	 0	 -1	
	 128	 28674	 254	 0	 0	 0	 -1	
	 256	 28674	 510	 0	 0	 0	 -1	
	 512	 28674	 1022	 0	 0	 0	 -1	
	 1024	 28674	 2046	 0	 0	 0	 -1	
	 2048	 28674	 4094	 0	 0	 0	 -1	
	 4096	 28674	 8190	 0	 0	 0	 -1	
Text Length : 16385
	 2	 57346	 2	 0	 0	 0	 -1	
	 4	 57346	 6	 0	 0	 0	 -1	
	 8	 57346	 14	 1	 0	 1	 -1	
	 16	 57346	 30	 0	 0	 0	 -1	
	 32	 57346	 62	 0	 0	 0	 -1	
	 64	 57346	 126	 0	 0	 0	 -1	
	 128	 57346	 254	 0	 0	 0	 -1	
	 256	 57346	 510	 0	 0	 0	 -1	
	 512	 57346	 1022	 0	 0	 0	 -1	
	 1024	 57346	 2046	 0	 0	 0	 -1	
	 2048	 57346	 4094	 0	 0	 0	 -1	
	 4096	 57346	 8190	 0	 0	 0	 -1	
	 8192	 57346	 16382	 0	 0	 0	 -1	
--- CONDITION 4.4 RANDOM ---

	 PATTERN LENGTH	 SEARCH INSPECT TIMES	 CONSTRUCT INSPECT TIMES	 SEARCH TIME(ms)	 CONSTRUCT TIME(ms)	 TOTAL TIME(ms)	 FOUND POSITION	
Text Length : 2
	 2	 4	 2	 0	 0	 0	 -1	
Text Length : 4
	 2	 14	 2	 0	 0	 0	 -1	
	 4	 14	 9	 0	 0	 0	 -1	
Text Length : 8
	 2	 28	 2	 0	 0	 0	 -1	
	 4	 25	 6	 0	 0	 0	 -1	
	 8	 25	 23	 0	 0	 0	 -1	
Text Length : 16
	 2	 53	 2	 0	 0	 0	 -1	
	 4	 56	 9	 0	 0	 0	 -1	
	 8	 53	 20	 0	 0	 0	 -1	
	 16	 53	 48	 0	 0	 0	 -1	
Text Length : 32
	 2	 109	 2	 0	 0	 0	 -1	
	 4	 112	 12	 0	 0	 0	 -1	
	 8	 112	 20	 0	 0	 0	 -1	
	 16	 109	 45	 0	 0	 0	 -1	
	 32	 109	 95	 0	 0	 0	 -1	
Text Length : 64
	 2	 224	 2	 0	 0	 0	 -1	
	 4	 221	 6	 0	 0	 0	 -1	
	 8	 221	 26	 0	 0	 0	 -1	
	 16	 221	 39	 0	 0	 0	 -1	
	 32	 221	 113	 0	 0	 0	 -1	
	 64	 218	 198	 0	 0	 0	 -1	
Text Length : 128
	 2	 445	 2	 0	 0	 0	 -1	
	 4	 448	 12	 0	 0	 0	 -1	
	 8	 445	 20	 0	 0	 0	 -1	
	 16	 448	 42	 0	 0	 0	 -1	
	 32	 445	 95	 0	 0	 0	 -1	
	 64	 448	 219	 0	 0	 0	 -1	
	 128	 448	 377	 0	 0	 0	 -1	
Text Length : 256
	 2	 893	 2	 0	 0	 0	 -1	
	 4	 896	 9	 0	 0	 0	 -1	
	 8	 893	 20	 0	 0	 0	 -1	
	 16	 890	 45	 0	 0	 0	 -1	
	 32	 893	 86	 0	 0	 0	 -1	
	 64	 896	 207	 0	 0	 0	 -1	
	 128	 893	 455	 0	 0	 0	 -1	
	 256	 893	 897	 0	 0	 0	 -1	
Text Length : 512
	 2	 4	 2	 0	 0	 0	 0	
	 4	 10	 6	 0	 0	 0	 1	
	 8	 1792	 32	 0	 0	 0	 -1	
	 16	 1789	 48	 0	 0	 0	 -1	
	 32	 1789	 89	 0	 0	 0	 -1	
	 64	 1789	 216	 0	 0	 0	 -1	
	 128	 1786	 404	 0	 0	 0	 -1	
	 256	 1792	 834	 0	 0	 0	 -1	
	 512	 1780	 1826	 0	 0	 0	 -1	
Text Length : 1024
	 2	 3581	 2	 0	 0	 0	 -1	
	 4	 3581	 9	 0	 0	 0	 -1	
	 8	 3581	 20	 0	 0	 0	 -1	
	 16	 3581	 54	 0	 0	 0	 -1	
	 32	 3581	 113	 0	 0	 0	 -1	
	 64	 3584	 213	 0	 0	 0	 -1	
	 128	 3581	 419	 0	 0	 0	 -1	
	 256	 3578	 870	 0	 0	 0	 -1	
	 512	 3581	 1508	 0	 0	 0	 -1	
	 1024	 3584	 3381	 0	 0	 0	 -1	
Text Length : 2048
	 2	 4	 2	 0	 0	 0	 0	
	 4	 7165	 6	 0	 0	 0	 -1	
	 8	 7165	 23	 0	 0	 0	 -1	
	 16	 7165	 42	 0	 0	 0	 -1	
	 32	 7162	 95	 0	 0	 0	 -1	
	 64	 7165	 204	 0	 0	 0	 -1	
	 128	 7168	 413	 0	 0	 0	 -1	
	 256	 7165	 756	 0	 0	 0	 -1	
	 512	 7162	 1667	 0	 0	 0	 -1	
	 1024	 7168	 3177	 0	 0	 0	 -1	
	 2048	 7159	 6791	 0	 0	 0	 -1	
Text Length : 4096
	 2	 14333	 2	 0	 0	 0	 -1	
	 4	 14333	 9	 0	 0	 0	 -1	
	 8	 14330	 23	 0	 0	 0	 -1	
	 16	 14330	 39	 0	 0	 0	 -1	
	 32	 14336	 104	 0	 0	 0	 -1	
	 64	 14330	 210	 0	 0	 0	 -1	
	 128	 14330	 401	 0	 0	 0	 -1	
	 256	 14336	 783	 0	 0	 0	 -1	
	 512	 14333	 1577	 0	 0	 0	 -1	
	 1024	 14333	 3489	 0	 0	 0	 -1	
	 2048	 14333	 6806	 0	 0	 0	 -1	
	 4096	 14330	 13887	 0	 0	 0	 -1	
Text Length : 8192
	 2	 28669	 2	 0	 0	 0	 -1	
	 4	 28669	 6	 0	 0	 0	 -1	
	 8	 28666	 23	 0	 0	 0	 -1	
	 16	 28672	 48	 0	 0	 0	 -1	
	 32	 28669	 101	 0	 0	 0	 -1	
	 64	 28669	 201	 0	 0	 0	 -1	
	 128	 28669	 431	 1	 0	 1	 -1	
	 256	 28669	 747	 0	 0	 0	 -1	
	 512	 28672	 1604	 0	 0	 0	 -1	
	 1024	 28666	 3399	 0	 0	 0	 -1	
	 2048	 28669	 6200	 0	 0	 0	 -1	
	 4096	 28672	 12573	 0	 0	 0	 -1	
	 8192	 28669	 25253	 0	 0	 0	 -1	
--- CONDITION 4.5 FIND ABB in ABABAB ---

	 PATTERN LENGTH	 SEARCH INSPECT TIMES	 CONSTRUCT INSPECT TIMES	 SEARCH TIME(ms)	 CONSTRUCT TIME(ms)	 TOTAL TIME(ms)	 FOUND POSITION	
Text Length : 5
	 3	 13	 7	 0	 0	 0	 -1	
Text Length : 7
	 3	 20	 7	 0	 0	 0	 -1	
Text Length : 11
	 3	 34	 7	 0	 0	 0	 -1	
Text Length : 19
	 3	 62	 7	 0	 0	 0	 -1	
Text Length : 35
	 3	 118	 7	 0	 0	 0	 -1	
Text Length : 67
	 3	 230	 7	 0	 0	 0	 -1	
Text Length : 131
	 3	 454	 7	 0	 0	 0	 -1	
Text Length : 259
	 3	 902	 7	 0	 0	 0	 -1	
Text Length : 515
	 3	 1798	 7	 0	 0	 0	 -1	
Text Length : 1027
	 3	 3590	 7	 0	 0	 0	 -1	
Text Length : 2051
	 3	 7174	 7	 0	 0	 0	 -1	
Text Length : 4099
	 3	 14342	 7	 0	 0	 0	 -1	
Text Length : 8195
	 3	 28678	 7	 0	 0	 0	 -1	
