--- CONDITION 5.1 FIND ALL As ---

	 PATTERN LENGTH	 SEARCH INSPECT TIMES	 CONSTRUCT INSPECT TIMES	 SEARCH TIME(ms)	 CONSTRUCT TIME(ms)	 TOTAL TIME(ms)	 FOUND POSITION	
Text Length : 2
	 2	 4	 2	 0	 0	 0	 -1	
Text Length : 4
	 2	 8	 2	 0	 0	 0	 -1	
	 4	 8	 6	 0	 0	 0	 -1	
Text Length : 8
	 2	 16	 2	 0	 0	 0	 -1	
	 4	 16	 6	 0	 0	 0	 -1	
	 8	 16	 14	 0	 0	 0	 -1	
Text Length : 16
	 2	 35	 2	 0	 0	 0	 -1	
	 4	 35	 6	 0	 0	 0	 -1	
	 8	 35	 14	 0	 0	 0	 -1	
	 16	 35	 30	 0	 0	 0	 -1	
Text Length : 32
	 2	 67	 2	 0	 0	 0	 -1	
	 4	 67	 6	 0	 0	 0	 -1	
	 8	 67	 14	 0	 0	 0	 -1	
	 16	 67	 30	 0	 0	 0	 -1	
	 32	 67	 62	 0	 0	 0	 -1	
Text Length : 64
	 2	 137	 2	 0	 0	 0	 -1	
	 4	 137	 6	 0	 0	 0	 -1	
	 8	 137	 14	 0	 0	 0	 -1	
	 16	 137	 30	 0	 0	 0	 -1	
	 32	 137	 62	 0	 0	 0	 -1	
	 64	 137	 126	 0	 0	 0	 -1	
Text Length : 128
	 2	 268	 2	 0	 0	 0	 -1	
	 4	 268	 6	 0	 0	 0	 -1	
	 8	 268	 14	 0	 0	 0	 -1	
	 16	 268	 30	 0	 0	 0	 -1	
	 32	 268	 62	 0	 0	 0	 -1	
	 64	 268	 126	 0	 0	 0	 -1	
	 128	 268	 254	 0	 0	 0	 -1	
Text Length : 256
	 2	 551	 2	 0	 0	 0	 -1	
	 4	 551	 6	 0	 0	 0	 -1	
	 8	 551	 14	 0	 0	 0	 -1	
	 16	 551	 30	 0	 0	 0	 -1	
	 32	 551	 62	 0	 0	 0	 -1	
	 64	 551	 126	 0	 0	 0	 -1	
	 128	 551	 254	 0	 0	 0	 -1	
	 256	 551	 510	 0	 0	 0	 -1	
Text Length : 512
	 2	 1084	 2	 0	 0	 0	 -1	
	 4	 1084	 6	 0	 0	 0	 -1	
	 8	 1084	 14	 0	 0	 0	 -1	
	 16	 1084	 30	 0	 0	 0	 -1	
	 32	 1084	 62	 0	 0	 0	 -1	
	 64	 1084	 126	 0	 0	 0	 -1	
	 128	 1084	 254	 0	 0	 0	 -1	
	 256	 1084	 510	 0	 0	 0	 -1	
	 512	 1084	 1022	 0	 0	 0	 -1	
Text Length : 1024
	 2	 2147	 2	 0	 0	 0	 -1	
	 4	 2147	 6	 0	 0	 0	 -1	
	 8	 2147	 14	 0	 0	 0	 -1	
	 16	 2147	 30	 0	 0	 0	 -1	
	 32	 2147	 62	 0	 0	 0	 -1	
	 64	 2147	 126	 0	 0	 0	 -1	
	 128	 2147	 254	 0	 0	 0	 -1	
	 256	 2147	 510	 0	 0	 0	 -1	
	 512	 2147	 1022	 0	 0	 0	 -1	
	 1024	 2147	 2046	 0	 0	 0	 -1	
Text Length : 2048
	 2	 332	 2	 0	 0	 0	 155	
	 4	 4300	 6	 0	 0	 0	 -1	
	 8	 4300	 14	 0	 0	 0	 -1	
	 16	 4300	 30	 0	 0	 0	 -1	
	 32	 4300	 62	 0	 0	 0	 -1	
	 64	 4300	 126	 0	 0	 0	 -1	
	 128	 4300	 254	 0	 0	 0	 -1	
	 256	 4300	 510	 0	 0	 0	 -1	
	 512	 4300	 1022	 0	 0	 0	 -1	
	 1024	 4300	 2046	 0	 0	 0	 -1	
	 2048	 4300	 4094	 0	 1	 1	 -1	
Text Length : 4096
	 2	 2000	 2	 0	 0	 0	 929	
	 4	 8678	 6	 0	 0	 0	 -1	
	 8	 8678	 14	 0	 0	 0	 -1	
	 16	 8678	 30	 0	 0	 0	 -1	
	 32	 8678	 62	 0	 0	 0	 -1	
	 64	 8678	 126	 0	 0	 0	 -1	
	 128	 8678	 254	 0	 0	 0	 -1	
	 256	 8678	 510	 0	 0	 0	 -1	
	 512	 8678	 1022	 0	 0	 0	 -1	
	 1024	 8678	 2046	 0	 0	 0	 -1	
	 2048	 8678	 4094	 0	 0	 0	 -1	
	 4096	 8678	 8190	 0	 0	 0	 -1	
Text Length : 8192
	 2	 5214	 2	 0	 0	 0	 2485	
	 4	 17341	 6	 0	 0	 0	 -1	
	 8	 17341	 14	 0	 0	 0	 -1	
	 16	 17341	 30	 0	 0	 0	 -1	
	 32	 17341	 62	 0	 0	 0	 -1	
	 64	 17341	 126	 0	 0	 0	 -1	
	 128	 17341	 254	 0	 0	 0	 -1	
	 256	 17341	 510	 0	 0	 0	 -1	
	 512	 17341	 1022	 0	 0	 0	 -1	
	 1024	 17341	 2046	 0	 0	 0	 -1	
	 2048	 17341	 4094	 0	 0	 0	 -1	
	 4096	 17341	 8190	 0	 0	 0	 -1	
	 8192	 17341	 16382	 0	 1	 1	 -1	
--- CONDITION 5.2 FIND (N-2) A + B + A ---

	 PATTERN LENGTH	 SEARCH INSPECT TIMES	 CONSTRUCT INSPECT TIMES	 SEARCH TIME(ms)	 CONSTRUCT TIME(ms)	 TOTAL TIME(ms)	 FOUND POSITION	
Text Length : 2
	 2	 4	 2	 0	 0	 0	 -1	
Text Length : 4
	 2	 8	 2	 0	 0	 0	 -1	
	 4	 8	 9	 0	 0	 0	 -1	
Text Length : 8
	 2	 16	 2	 0	 0	 0	 -1	
	 4	 16	 9	 0	 0	 0	 -1	
	 8	 16	 29	 0	 0	 0	 -1	
Text Length : 16
	 2	 35	 2	 0	 0	 0	 -1	
	 4	 32	 9	 0	 0	 0	 -1	
	 8	 32	 29	 0	 0	 0	 -1	
	 16	 32	 69	 0	 0	 0	 -1	
Text Length : 32
	 2	 76	 2	 0	 0	 0	 -1	
	 4	 64	 9	 0	 0	 0	 -1	
	 8	 64	 29	 0	 0	 0	 -1	
	 16	 64	 69	 0	 0	 0	 -1	
	 32	 64	 149	 0	 0	 0	 -1	
Text Length : 64
	 2	 131	 2	 0	 0	 0	 -1	
	 4	 149	 9	 0	 0	 0	 -1	
	 8	 149	 29	 0	 0	 0	 -1	
	 16	 149	 69	 0	 0	 0	 -1	
	 32	 149	 149	 0	 0	 0	 -1	
	 64	 149	 309	 0	 0	 0	 -1	
Text Length : 128
	 2	 265	 2	 0	 0	 0	 -1	
	 4	 265	 9	 0	 0	 0	 -1	
	 8	 265	 29	 0	 0	 0	 -1	
	 16	 265	 69	 0	 0	 0	 -1	
	 32	 265	 149	 0	 0	 0	 -1	
	 64	 265	 309	 0	 0	 0	 -1	
	 128	 265	 629	 0	 0	 0	 -1	
Text Length : 256
	 2	 545	 2	 0	 0	 0	 -1	
	 4	 545	 9	 0	 0	 0	 -1	
	 8	 545	 29	 0	 0	 0	 -1	
	 16	 545	 69	 0	 0	 0	 -1	
	 32	 545	 149	 0	 0	 0	 -1	
	 64	 545	 309	 0	 0	 0	 -1	
	 128	 545	 629	 0	 0	 0	 -1	
	 256	 545	 1269	 0	 0	 0	 -1	
Text Length : 512
	 2	 1087	 2	 0	 0	 0	 -1	
	 4	 1078	 9	 0	 0	 0	 -1	
	 8	 1078	 29	 0	 0	 0	 -1	
	 16	 1078	 69	 0	 0	 0	 -1	
	 32	 1078	 149	 0	 0	 0	 -1	
	 64	 1078	 309	 0	 0	 0	 -1	
	 128	 1078	 629	 0	 0	 0	 -1	
	 256	 1078	 1269	 0	 0	 0	 -1	
	 512	 1078	 2549	 0	 0	 0	 -1	
Text Length : 1024
	 2	 2162	 2	 0	 0	 0	 -1	
	 4	 2141	 9	 0	 0	 0	 -1	
	 8	 2141	 29	 0	 0	 0	 -1	
	 16	 2141	 69	 0	 0	 1	 -1	
	 32	 2141	 149	 0	 0	 0	 -1	
	 64	 2141	 309	 0	 0	 0	 -1	
	 128	 2141	 629	 0	 0	 0	 -1	
	 256	 2141	 1269	 0	 0	 0	 -1	
	 512	 2141	 2549	 0	 0	 0	 -1	
	 1024	 2141	 5109	 0	 0	 0	 -1	
Text Length : 2048
	 2	 1859	 2	 0	 0	 0	 893	
	 4	 4384	 9	 0	 0	 0	 -1	
	 8	 4384	 29	 0	 0	 0	 -1	
	 16	 4384	 69	 0	 0	 0	 -1	
	 32	 4384	 149	 0	 0	 0	 -1	
	 64	 4384	 309	 0	 0	 0	 -1	
	 128	 4384	 629	 0	 0	 1	 -1	
	 256	 4384	 1269	 0	 0	 0	 -1	
	 512	 4384	 2549	 0	 0	 0	 -1	
	 1024	 4384	 5109	 0	 0	 0	 -1	
	 2048	 4384	 10229	 0	 0	 0	 -1	
Text Length : 4096
	 2	 77	 2	 0	 0	 0	 35	
	 4	 8693	 9	 0	 0	 0	 -1	
	 8	 8693	 29	 0	 0	 0	 -1	
	 16	 8693	 69	 0	 0	 0	 -1	
	 32	 8693	 149	 0	 0	 0	 -1	
	 64	 8693	 309	 0	 0	 0	 -1	
	 128	 8693	 629	 0	 0	 0	 -1	
	 256	 8693	 1269	 0	 0	 0	 -1	
	 512	 8693	 2549	 0	 0	 0	 -1	
	 1024	 8693	 5109	 0	 0	 0	 -1	
	 2048	 8693	 10229	 0	 0	 1	 -1	
	 4096	 8693	 20469	 0	 0	 0	 -1	
Text Length : 8192
	 2	 3006	 2	 0	 0	 0	 1438	
	 4	 17347	 9	 0	 0	 0	 -1	
	 8	 17347	 29	 0	 0	 0	 -1	
	 16	 17347	 69	 0	 0	 0	 -1	
	 32	 17347	 149	 0	 0	 0	 -1	
	 64	 17347	 309	 0	 0	 0	 -1	
	 128	 17347	 629	 0	 0	 0	 -1	
	 256	 17347	 1269	 0	 0	 0	 -1	
	 512	 17347	 2549	 0	 0	 0	 -1	
	 1024	 17347	 5109	 0	 0	 0	 -1	
	 2048	 17347	 10229	 0	 0	 0	 -1	
	 4096	 17347	 20469	 0	 0	 0	 -1	
	 8192	 17347	 40949	 0	 0	 0	 -1	
--- CONDITION 5.3 FIND (N-1) A + B + (N-1)A ---

	 PATTERN LENGTH	 SEARCH INSPECT TIMES	 CONSTRUCT INSPECT TIMES	 SEARCH TIME(ms)	 CONSTRUCT TIME(ms)	 TOTAL TIME(ms)	 FOUND POSITION	
Text Length : 2
	 3	 4	 4	 0	 0	 0	 -1	
Text Length : 4
	 3	 8	 4	 0	 0	 0	 -1	
	 5	 8	 11	 0	 0	 0	 -1	
Text Length : 8
	 3	 16	 4	 0	 0	 0	 -1	
	 5	 16	 11	 0	 0	 0	 -1	
	 9	 16	 25	 0	 0	 0	 -1	
Text Length : 16
	 3	 32	 4	 0	 0	 0	 -1	
	 5	 32	 11	 0	 0	 0	 -1	
	 9	 32	 25	 0	 0	 0	 -1	
	 17	 32	 53	 0	 0	 0	 -1	
Text Length : 32
	 3	 64	 4	 0	 0	 0	 -1	
	 5	 64	 11	 0	 0	 0	 -1	
	 9	 64	 25	 0	 0	 0	 -1	
	 17	 64	 53	 0	 0	 0	 -1	
	 33	 64	 109	 0	 0	 0	 -1	
Text Length : 64
	 3	 134	 4	 0	 0	 0	 -1	
	 5	 134	 11	 0	 0	 0	 -1	
	 9	 134	 25	 0	 0	 0	 -1	
	 17	 134	 53	 0	 0	 0	 -1	
	 33	 134	 109	 0	 0	 0	 -1	
	 65	 134	 221	 0	 0	 0	 -1	
Text Length : 128
	 3	 280	 4	 0	 0	 0	 -1	
	 5	 280	 11	 0	 0	 0	 -1	
	 9	 280	 25	 0	 0	 0	 -1	
	 17	 280	 53	 0	 0	 0	 -1	
	 33	 280	 109	 0	 0	 0	 -1	
	 65	 280	 221	 0	 0	 0	 -1	
	 129	 280	 445	 0	 0	 0	 -1	
Text Length : 256
	 3	 551	 4	 0	 0	 0	 -1	
	 5	 551	 11	 0	 0	 0	 -1	
	 9	 551	 25	 0	 0	 0	 -1	
	 17	 551	 53	 0	 0	 0	 -1	
	 33	 551	 109	 0	 0	 0	 -1	
	 65	 551	 221	 0	 0	 0	 -1	
	 129	 551	 445	 0	 0	 0	 -1	
	 257	 551	 893	 0	 0	 0	 -1	
Text Length : 512
	 3	 1069	 4	 0	 0	 0	 -1	
	 5	 1069	 11	 0	 0	 0	 -1	
	 9	 1069	 25	 0	 0	 0	 -1	
	 17	 1069	 53	 0	 0	 0	 -1	
	 33	 1069	 109	 0	 0	 0	 -1	
	 65	 1069	 221	 0	 0	 0	 -1	
	 129	 1069	 445	 0	 0	 0	 -1	
	 257	 1069	 893	 0	 0	 0	 -1	
	 513	 1069	 1789	 0	 0	 0	 -1	
Text Length : 1024
	 3	 2201	 4	 0	 0	 0	 -1	
	 5	 2201	 11	 0	 0	 0	 -1	
	 9	 2201	 25	 0	 0	 0	 -1	
	 17	 2201	 53	 0	 0	 0	 -1	
	 33	 2201	 109	 0	 0	 0	 -1	
	 65	 2201	 221	 0	 0	 0	 -1	
	 129	 2201	 445	 0	 0	 0	 -1	
	 257	 2201	 893	 0	 0	 0	 -1	
	 513	 2201	 1789	 0	 0	 0	 -1	
	 1025	 2201	 3581	 0	 0	 0	 -1	
Text Length : 2048
	 3	 4336	 4	 0	 0	 0	 -1	
	 5	 4336	 11	 0	 0	 0	 -1	
	 9	 4336	 25	 0	 0	 0	 -1	
	 17	 4336	 53	 0	 0	 0	 -1	
	 33	 4336	 109	 0	 0	 0	 -1	
	 65	 4336	 221	 0	 0	 0	 -1	
	 129	 4336	 445	 0	 0	 0	 -1	
	 257	 4336	 893	 0	 0	 0	 -1	
	 513	 4336	 1789	 0	 0	 0	 -1	
	 1025	 4336	 3581	 0	 0	 0	 -1	
	 2049	 4336	 7165	 0	 0	 0	 -1	
Text Length : 4096
	 3	 8765	 4	 0	 0	 0	 -1	
	 5	 8765	 11	 0	 0	 0	 -1	
	 9	 8765	 25	 0	 0	 0	 -1	
	 17	 8765	 53	 0	 0	 0	 -1	
	 33	 8765	 109	 0	 0	 0	 -1	
	 65	 8765	 221	 0	 0	 0	 -1	
	 129	 8765	 445	 0	 0	 0	 -1	
	 257	 8765	 893	 0	 0	 0	 -1	
	 513	 8765	 1789	 0	 0	 0	 -1	
	 1025	 8765	 3581	 0	 0	 0	 -1	
	 2049	 8765	 7165	 0	 0	 0	 -1	
	 4097	 8765	 14333	 0	 0	 0	 -1	
Text Length : 8192
	 3	 17377	 4	 1	 0	 1	 -1	
	 5	 17377	 11	 0	 0	 0	 -1	
	 9	 17377	 25	 0	 0	 0	 -1	
	 17	 17377	 53	 0	 0	 0	 -1	
	 33	 17377	 109	 0	 0	 0	 -1	
	 65	 17377	 221	 0	 0	 0	 -1	
	 129	 17377	 445	 0	 0	 0	 -1	
	 257	 17377	 893	 0	 0	 0	 -1	
	 513	 17377	 1789	 0	 0	 0	 -1	
	 1025	 17377	 3581	 0	 0	 0	 -1	
	 2049	 17377	 7165	 0	 0	 0	 -1	
	 4097	 17377	 14333	 0	 0	 0	 -1	
	 8193	 17377	 28669	 0	 0	 0	 -1	
--- CONDITION 5.4 RANDOM PATTERN ---

	 PATTERN LENGTH	 SEARCH INSPECT TIMES	 CONSTRUCT INSPECT TIMES	 SEARCH TIME(ms)	 CONSTRUCT TIME(ms)	 TOTAL TIME(ms)	 FOUND POSITION	
Text Length : 2
	 2	 4	 2	 0	 0	 0	 -1	
Text Length : 4
	 2	 8	 2	 0	 0	 0	 -1	
	 4	 8	 6	 0	 0	 0	 -1	
Text Length : 8
	 2	 16	 2	 0	 0	 0	 -1	
	 4	 16	 6	 0	 0	 0	 -1	
	 8	 16	 14	 0	 0	 0	 -1	
Text Length : 16
	 2	 35	 2	 0	 0	 0	 -1	
	 4	 35	 6	 0	 0	 0	 -1	
	 8	 35	 17	 0	 0	 0	 -1	
	 16	 32	 30	 0	 0	 0	 -1	
Text Length : 32
	 2	 64	 2	 0	 0	 0	 -1	
	 4	 64	 6	 0	 0	 0	 -1	
	 8	 67	 14	 0	 0	 0	 -1	
	 16	 64	 33	 0	 0	 0	 -1	
	 32	 70	 65	 0	 0	 0	 -1	
Text Length : 64
	 2	 140	 2	 0	 0	 0	 -1	
	 4	 131	 6	 0	 0	 0	 -1	
	 8	 131	 14	 0	 0	 0	 -1	
	 16	 140	 33	 0	 0	 0	 -1	
	 32	 137	 65	 0	 0	 0	 -1	
	 64	 131	 138	 0	 0	 0	 -1	
Text Length : 128
	 2	 274	 2	 0	 0	 0	 -1	
	 4	 277	 6	 0	 0	 0	 -1	
	 8	 265	 14	 0	 0	 0	 -1	
	 16	 265	 30	 0	 0	 0	 -1	
	 32	 277	 68	 0	 0	 0	 -1	
	 64	 271	 129	 0	 0	 0	 -1	
	 128	 265	 266	 0	 0	 0	 -1	
Text Length : 256
	 2	 539	 2	 0	 0	 0	 -1	
	 4	 542	 6	 0	 0	 0	 -1	
	 8	 548	 14	 0	 0	 0	 -1	
	 16	 566	 30	 0	 0	 0	 -1	
	 32	 530	 65	 0	 0	 0	 -1	
	 64	 542	 129	 0	 0	 0	 -1	
	 128	 545	 269	 0	 0	 0	 -1	
	 256	 557	 534	 0	 0	 0	 -1	
Text Length : 512
	 2	 78	 2	 0	 0	 0	 31	
	 4	 1087	 6	 0	 0	 0	 -1	
	 8	 1075	 14	 0	 0	 0	 -1	
	 16	 1084	 30	 0	 0	 0	 -1	
	 32	 1084	 65	 0	 0	 0	 -1	
	 64	 1075	 138	 0	 0	 0	 -1	
	 128	 1060	 275	 0	 0	 0	 -1	
	 256	 1072	 531	 0	 0	 0	 -1	
	 512	 1072	 1088	 0	 0	 0	 -1	
Text Length : 1024
	 2	 568	 2	 0	 0	 0	 279	
	 4	 2150	 6	 0	 0	 0	 -1	
	 8	 2168	 14	 0	 0	 0	 -1	
	 16	 2180	 30	 0	 0	 0	 -1	
	 32	 2204	 65	 0	 0	 0	 -1	
	 64	 2150	 138	 0	 0	 0	 -1	
	 128	 2150	 269	 0	 0	 0	 -1	
	 256	 2150	 549	 0	 0	 0	 -1	
	 512	 2183	 1088	 0	 0	 0	 -1	
	 1024	 2159	 2133	 0	 0	 0	 -1	
Text Length : 2048
	 2	 216	 2	 0	 0	 0	 100	
	 4	 4333	 6	 0	 0	 0	 -1	
	 8	 4300	 17	 0	 0	 0	 -1	
	 16	 4333	 30	 0	 0	 0	 -1	
	 32	 4357	 68	 0	 0	 0	 -1	
	 64	 4339	 132	 0	 0	 0	 -1	
	 128	 4390	 269	 0	 0	 0	 -1	
	 256	 4279	 552	 0	 0	 0	 -1	
	 512	 4318	 1103	 0	 0	 0	 -1	
	 1024	 4339	 2130	 0	 0	 0	 -1	
	 2048	 4300	 4415	 0	 0	 0	 -1	
Text Length : 4096
	 2	 123	 2	 0	 0	 0	 52	
	 4	 8723	 6	 0	 0	 0	 -1	
	 8	 8633	 14	 0	 0	 0	 -1	
	 16	 8690	 30	 0	 0	 0	 -1	
	 32	 8669	 68	 0	 0	 0	 -1	
	 64	 8723	 132	 0	 0	 0	 -1	
	 128	 8699	 269	 0	 0	 0	 -1	
	 256	 8669	 552	 0	 0	 0	 -1	
	 512	 8687	 1091	 0	 0	 0	 -1	
	 1024	 8660	 2181	 0	 0	 0	 -1	
	 2048	 8639	 4331	 0	 0	 0	 -1	
	 4096	 8690	 8676	 0	 0	 0	 -1	
Text Length : 8192
	 2	 3618	 2	 0	 0	 0	 1711	
	 4	 17347	 6	 0	 0	 0	 -1	
	 8	 17335	 14	 0	 0	 0	 -1	
	 16	 17335	 30	 0	 0	 0	 -1	
	 32	 17323	 65	 0	 0	 0	 -1	
	 64	 17395	 126	 0	 0	 0	 -1	
	 128	 17281	 269	 0	 0	 0	 -1	
	 256	 17320	 546	 0	 0	 0	 -1	
	 512	 17329	 1079	 0	 0	 0	 -1	
	 1024	 17374	 2157	 0	 0	 0	 -1	
	 2048	 17347	 4319	 0	 0	 0	 -1	
	 4096	 17320	 8643	 0	 0	 0	 -1	
	 8192	 17359	 17360	 0	 0	 0	 -1	
