--- CONDITION 2.1 FIND ALL ONES ---

	 PATTERN LENGTH	 SEARCH INSPECT TIMES	 CONSTRUCT INSPECT TIMES	 SEARCH TIME(ms)	 CONSTRUCT TIME(ms)	 TOTAL TIME(ms)	 FOUND POSITION	
Text Length : 2
	 2	 2	 3	 0	 0	 0	 0	
Text Length : 4
	 2	 4	 3	 0	 0	 0	 -1	
	 4	 4	 7	 0	 0	 0	 -1	
Text Length : 8
	 2	 6	 3	 0	 0	 0	 4	
	 4	 8	 7	 0	 0	 0	 -1	
	 8	 8	 15	 0	 0	 0	 -1	
Text Length : 16
	 2	 2	 3	 0	 0	 0	 0	
	 4	 16	 7	 0	 0	 0	 -1	
	 8	 16	 15	 0	 0	 0	 -1	
	 16	 16	 31	 0	 0	 0	 -1	
Text Length : 32
	 2	 2	 3	 0	 0	 0	 0	
	 4	 32	 7	 0	 0	 0	 -1	
	 8	 32	 15	 0	 0	 0	 -1	
	 16	 32	 31	 0	 0	 0	 -1	
	 32	 32	 63	 0	 0	 0	 -1	
Text Length : 64
	 2	 8	 3	 0	 0	 0	 6	
	 4	 22	 7	 0	 0	 0	 18	
	 8	 26	 15	 0	 0	 0	 18	
	 16	 64	 31	 0	 0	 0	 -1	
	 32	 64	 63	 0	 0	 0	 -1	
	 64	 64	 127	 0	 0	 0	 -1	
Text Length : 128
	 2	 4	 3	 0	 0	 0	 2	
	 4	 20	 7	 0	 0	 0	 16	
	 8	 83	 15	 0	 0	 0	 75	
	 16	 128	 31	 0	 0	 0	 -1	
	 32	 128	 63	 0	 0	 0	 -1	
	 64	 128	 127	 0	 0	 0	 -1	
	 128	 128	 255	 0	 0	 0	 -1	
Text Length : 256
	 2	 7	 3	 0	 0	 0	 5	
	 4	 12	 7	 0	 0	 0	 8	
	 8	 120	 15	 0	 0	 0	 112	
	 16	 256	 31	 0	 0	 0	 -1	
	 32	 256	 63	 0	 0	 0	 -1	
	 64	 256	 127	 0	 0	 0	 -1	
	 128	 256	 255	 0	 0	 0	 -1	
	 256	 256	 511	 0	 1	 1	 -1	
Text Length : 512
	 2	 23	 3	 0	 0	 0	 21	
	 4	 41	 7	 0	 0	 0	 37	
	 8	 474	 15	 0	 0	 0	 466	
	 16	 512	 31	 0	 0	 0	 -1	
	 32	 512	 63	 0	 0	 0	 -1	
	 64	 512	 127	 0	 0	 0	 -1	
	 128	 512	 255	 0	 0	 0	 -1	
	 256	 512	 511	 0	 0	 0	 -1	
	 512	 512	 1023	 0	 0	 0	 -1	
Text Length : 1024
	 2	 3	 3	 0	 0	 0	 1	
	 4	 12	 7	 0	 0	 0	 8	
	 8	 36	 15	 0	 0	 0	 28	
	 16	 1024	 31	 0	 0	 0	 -1	
	 32	 1024	 63	 0	 0	 0	 -1	
	 64	 1024	 127	 0	 0	 0	 -1	
	 128	 1024	 255	 0	 0	 0	 -1	
	 256	 1024	 511	 0	 1	 1	 -1	
	 512	 1024	 1023	 0	 0	 0	 -1	
	 1024	 1024	 2047	 0	 0	 0	 -1	
Text Length : 2048
	 2	 12	 3	 0	 1	 1	 10	
	 4	 21	 7	 0	 0	 0	 17	
	 8	 540	 15	 0	 0	 0	 532	
	 16	 2048	 31	 0	 0	 0	 -1	
	 32	 2048	 63	 0	 0	 0	 -1	
	 64	 2048	 127	 0	 0	 0	 -1	
	 128	 2048	 255	 0	 0	 0	 -1	
	 256	 2048	 511	 0	 0	 0	 -1	
	 512	 2048	 1023	 0	 0	 0	 -1	
	 1024	 2048	 2047	 0	 1	 1	 -1	
	 2048	 2048	 4095	 0	 1	 1	 -1	
Text Length : 4096
	 2	 2	 3	 0	 0	 0	 0	
	 4	 4	 7	 0	 0	 0	 0	
	 8	 384	 15	 0	 0	 0	 376	
	 16	 4096	 31	 0	 0	 0	 -1	
	 32	 4096	 63	 0	 0	 0	 -1	
	 64	 4096	 127	 0	 0	 0	 -1	
	 128	 4096	 255	 0	 0	 0	 -1	
	 256	 4096	 511	 0	 0	 0	 -1	
	 512	 4096	 1023	 0	 1	 1	 -1	
	 1024	 4096	 2047	 0	 0	 0	 -1	
	 2048	 4096	 4095	 0	 1	 1	 -1	
	 4096	 4096	 8191	 0	 2	 2	 -1	
Text Length : 8192
	 2	 4	 3	 0	 0	 0	 2	
	 4	 6	 7	 0	 0	 0	 2	
	 8	 323	 15	 0	 0	 0	 315	
	 16	 8192	 31	 0	 0	 0	 -1	
	 32	 8192	 63	 0	 0	 0	 -1	
	 64	 8192	 127	 0	 0	 0	 -1	
	 128	 8192	 255	 0	 1	 1	 -1	
	 256	 8192	 511	 0	 0	 0	 -1	
	 512	 8192	 1023	 0	 0	 0	 -1	
	 1024	 8192	 2047	 0	 0	 0	 -1	
	 2048	 8192	 4095	 0	 1	 1	 -1	
	 4096	 8192	 8191	 0	 2	 2	 -1	
	 8192	 8192	 16383	 0	 4	 4	 -1	
--- CONDITION 2.2 FIND (N-2) 0 + 1 + 0 ---

	 PATTERN LENGTH	 SEARCH INSPECT TIMES	 CONSTRUCT INSPECT TIMES	 SEARCH TIME(ms)	 CONSTRUCT TIME(ms)	 TOTAL TIME(ms)	 FOUND POSITION	
Text Length : 2
	 2	 2	 3	 0	 0	 0	 -1	
Text Length : 4
	 2	 4	 3	 0	 0	 0	 -1	
	 4	 4	 7	 0	 0	 0	 -1	
Text Length : 8
	 2	 2	 3	 0	 0	 0	 0	
	 4	 5	 7	 0	 0	 0	 1	
	 8	 8	 15	 0	 0	 0	 -1	
Text Length : 16
	 2	 4	 3	 0	 0	 0	 2	
	 4	 16	 7	 0	 0	 0	 -1	
	 8	 16	 15	 0	 0	 0	 -1	
	 16	 16	 31	 0	 0	 0	 -1	
Text Length : 32
	 2	 4	 3	 0	 0	 0	 2	
	 4	 4	 7	 0	 0	 0	 0	
	 8	 32	 15	 0	 0	 0	 -1	
	 16	 32	 31	 0	 0	 0	 -1	
	 32	 32	 63	 0	 0	 0	 -1	
Text Length : 64
	 2	 3	 3	 0	 0	 0	 1	
	 4	 32	 7	 0	 0	 0	 28	
	 8	 64	 15	 0	 0	 0	 -1	
	 16	 64	 31	 0	 0	 0	 -1	
	 32	 64	 63	 0	 0	 0	 -1	
	 64	 64	 127	 0	 0	 0	 -1	
Text Length : 128
	 2	 2	 3	 0	 0	 0	 0	
	 4	 28	 7	 0	 0	 0	 24	
	 8	 89	 15	 0	 0	 0	 81	
	 16	 128	 31	 0	 0	 0	 -1	
	 32	 128	 63	 0	 0	 0	 -1	
	 64	 128	 127	 0	 0	 0	 -1	
	 128	 128	 255	 0	 0	 0	 -1	
Text Length : 256
	 2	 2	 3	 0	 0	 0	 0	
	 4	 15	 7	 0	 0	 0	 11	
	 8	 256	 15	 0	 0	 0	 -1	
	 16	 256	 31	 0	 0	 0	 -1	
	 32	 256	 63	 0	 0	 0	 -1	
	 64	 256	 127	 0	 0	 0	 -1	
	 128	 256	 255	 0	 0	 0	 -1	
	 256	 256	 511	 0	 0	 0	 -1	
Text Length : 512
	 2	 7	 3	 0	 0	 0	 5	
	 4	 66	 7	 0	 0	 0	 62	
	 8	 512	 15	 0	 0	 0	 -1	
	 16	 512	 31	 0	 0	 0	 -1	
	 32	 512	 63	 0	 0	 0	 -1	
	 64	 512	 127	 0	 0	 0	 -1	
	 128	 512	 255	 0	 1	 1	 -1	
	 256	 512	 511	 0	 0	 0	 -1	
	 512	 512	 1023	 0	 0	 0	 -1	
Text Length : 1024
	 2	 10	 3	 0	 0	 0	 8	
	 4	 45	 7	 0	 0	 0	 41	
	 8	 244	 15	 0	 0	 0	 236	
	 16	 1024	 31	 0	 0	 0	 -1	
	 32	 1024	 63	 0	 0	 0	 -1	
	 64	 1024	 127	 0	 0	 0	 -1	
	 128	 1024	 255	 0	 0	 0	 -1	
	 256	 1024	 511	 0	 0	 0	 -1	
	 512	 1024	 1023	 0	 1	 1	 -1	
	 1024	 1024	 2047	 0	 0	 0	 -1	
Text Length : 2048
	 2	 2	 3	 0	 0	 0	 0	
	 4	 8	 7	 0	 0	 0	 4	
	 8	 62	 15	 0	 0	 0	 54	
	 16	 2048	 31	 0	 0	 0	 -1	
	 32	 2048	 63	 0	 0	 0	 -1	
	 64	 2048	 127	 0	 0	 0	 -1	
	 128	 2048	 255	 0	 0	 0	 -1	
	 256	 2048	 511	 0	 0	 0	 -1	
	 512	 2048	 1023	 0	 1	 1	 -1	
	 1024	 2048	 2047	 0	 0	 0	 -1	
	 2048	 2048	 4095	 0	 1	 1	 -1	
Text Length : 4096
	 2	 3	 3	 0	 0	 0	 1	
	 4	 8	 7	 0	 0	 0	 4	
	 8	 287	 15	 0	 0	 0	 279	
	 16	 4096	 31	 0	 0	 0	 -1	
	 32	 4096	 63	 0	 0	 0	 -1	
	 64	 4096	 127	 0	 0	 0	 -1	
	 128	 4096	 255	 0	 0	 0	 -1	
	 256	 4096	 511	 0	 0	 0	 -1	
	 512	 4096	 1023	 0	 0	 0	 -1	
	 1024	 4096	 2047	 0	 1	 1	 -1	
	 2048	 4096	 4095	 0	 1	 1	 -1	
	 4096	 4096	 8191	 0	 2	 2	 -1	
Text Length : 8192
	 2	 3	 3	 0	 0	 0	 1	
	 4	 13	 7	 0	 0	 0	 9	
	 8	 36	 15	 0	 0	 0	 28	
	 16	 8192	 31	 0	 0	 0	 -1	
	 32	 8192	 63	 0	 0	 0	 -1	
	 64	 8192	 127	 0	 0	 0	 -1	
	 128	 8192	 255	 0	 0	 0	 -1	
	 256	 8192	 511	 0	 0	 0	 -1	
	 512	 8192	 1023	 0	 0	 0	 -1	
	 1024	 8192	 2047	 0	 1	 1	 -1	
	 2048	 8192	 4095	 0	 1	 1	 -1	
	 4096	 8192	 8191	 0	 3	 3	 -1	
	 8192	 8192	 16383	 0	 4	 4	 -1	
--- CONDITION 2.3 FIND N*0 IN (N-1) 0 + 1 + (N-1)0 ---

	 PATTERN LENGTH	 SEARCH INSPECT TIMES	 CONSTRUCT INSPECT TIMES	 SEARCH TIME(ms)	 CONSTRUCT TIME(ms)	 TOTAL TIME(ms)	 FOUND POSITION	
Text Length : 3
	 2	 3	 3	 0	 0	 0	 -1	
Text Length : 7
	 2	 6	 3	 0	 0	 0	 4	
	 4	 7	 7	 0	 0	 0	 -1	
Text Length : 15
	 2	 10	 3	 0	 0	 0	 8	
	 4	 12	 7	 0	 0	 0	 8	
	 8	 15	 15	 0	 0	 0	 -1	
Text Length : 31
	 2	 2	 3	 0	 0	 0	 0	
	 4	 7	 7	 0	 0	 0	 3	
	 8	 31	 15	 0	 0	 0	 -1	
	 16	 31	 31	 0	 0	 0	 -1	
Text Length : 63
	 2	 2	 3	 0	 1	 1	 0	
	 4	 24	 7	 0	 0	 0	 20	
	 8	 63	 15	 0	 0	 0	 -1	
	 16	 63	 31	 0	 0	 0	 -1	
	 32	 63	 63	 0	 0	 0	 -1	
Text Length : 127
	 2	 3	 3	 0	 0	 0	 1	
	 4	 9	 7	 0	 0	 0	 5	
	 8	 127	 15	 0	 0	 0	 -1	
	 16	 127	 31	 0	 0	 0	 -1	
	 32	 127	 63	 0	 0	 0	 -1	
	 64	 127	 127	 0	 0	 0	 -1	
Text Length : 255
	 2	 2	 3	 0	 0	 0	 0	
	 4	 4	 7	 0	 0	 0	 0	
	 8	 255	 15	 0	 0	 0	 -1	
	 16	 255	 31	 0	 0	 0	 -1	
	 32	 255	 63	 0	 0	 0	 -1	
	 64	 255	 127	 0	 0	 0	 -1	
	 128	 255	 255	 0	 0	 0	 -1	
Text Length : 511
	 2	 4	 3	 0	 0	 0	 2	
	 4	 103	 7	 0	 0	 0	 99	
	 8	 375	 15	 0	 0	 0	 367	
	 16	 511	 31	 0	 0	 0	 -1	
	 32	 511	 63	 0	 0	 0	 -1	
	 64	 511	 127	 0	 0	 0	 -1	
	 128	 511	 255	 0	 0	 0	 -1	
	 256	 511	 511	 0	 0	 0	 -1	
Text Length : 1023
	 2	 14	 3	 0	 0	 0	 12	
	 4	 83	 7	 0	 0	 0	 79	
	 8	 401	 15	 0	 0	 0	 393	
	 16	 1023	 31	 0	 0	 0	 -1	
	 32	 1023	 63	 0	 0	 0	 -1	
	 64	 1023	 127	 0	 0	 0	 -1	
	 128	 1023	 255	 0	 0	 0	 -1	
	 256	 1023	 511	 0	 0	 0	 -1	
	 512	 1023	 1023	 0	 1	 1	 -1	
Text Length : 2047
	 2	 5	 3	 0	 0	 0	 3	
	 4	 20	 7	 0	 0	 0	 16	
	 8	 859	 15	 0	 0	 0	 851	
	 16	 2047	 31	 0	 0	 0	 -1	
	 32	 2047	 63	 0	 0	 0	 -1	
	 64	 2047	 127	 0	 0	 0	 -1	
	 128	 2047	 255	 0	 0	 0	 -1	
	 256	 2047	 511	 0	 0	 0	 -1	
	 512	 2047	 1023	 0	 0	 0	 -1	
	 1024	 2047	 2047	 0	 1	 1	 -1	
Text Length : 4095
	 2	 2	 3	 0	 0	 0	 0	
	 4	 7	 7	 0	 0	 0	 3	
	 8	 173	 15	 0	 0	 0	 165	
	 16	 4095	 31	 0	 0	 0	 -1	
	 32	 4095	 63	 0	 0	 0	 -1	
	 64	 4095	 127	 0	 0	 0	 -1	
	 128	 4095	 255	 0	 0	 0	 -1	
	 256	 4095	 511	 0	 0	 0	 -1	
	 512	 4095	 1023	 0	 0	 0	 -1	
	 1024	 4095	 2047	 0	 1	 1	 -1	
	 2048	 4095	 4095	 0	 0	 0	 -1	
Text Length : 8191
	 2	 2	 3	 0	 0	 0	 0	
	 4	 42	 7	 0	 0	 0	 38	
	 8	 114	 15	 0	 1	 1	 106	
	 16	 8191	 31	 0	 0	 0	 -1	
	 32	 8191	 63	 0	 0	 0	 -1	
	 64	 8191	 127	 0	 0	 0	 -1	
	 128	 8191	 255	 0	 0	 0	 -1	
	 256	 8191	 511	 0	 0	 0	 -1	
	 512	 8191	 1023	 0	 0	 0	 -1	
	 1024	 8191	 2047	 0	 1	 1	 -1	
	 2048	 8191	 4095	 0	 0	 0	 -1	
	 4096	 8191	 8191	 0	 2	 2	 -1	
Text Length : 16383
	 2	 3	 3	 0	 0	 0	 1	
	 4	 5	 7	 0	 0	 0	 1	
	 8	 335	 15	 0	 0	 0	 327	
	 16	 16383	 31	 0	 0	 0	 -1	
	 32	 16383	 63	 0	 0	 0	 -1	
	 64	 16383	 127	 0	 0	 0	 -1	
	 128	 16383	 255	 0	 1	 1	 -1	
	 256	 16383	 511	 0	 0	 0	 -1	
	 512	 16383	 1023	 0	 0	 0	 -1	
	 1024	 16383	 2047	 0	 0	 0	 -1	
	 2048	 16383	 4095	 0	 1	 1	 -1	
	 4096	 16383	 8191	 0	 2	 2	 -1	
	 8192	 16383	 16383	 0	 3	 3	 -1	
--- CONDITION 2.4 RANDOM ---

	 PATTERN LENGTH	 SEARCH INSPECT TIMES	 CONSTRUCT INSPECT TIMES	 SEARCH TIME(ms)	 CONSTRUCT TIME(ms)	 TOTAL TIME(ms)	 FOUND POSITION	
Text Length : 2
	 2	 2	 3	 0	 0	 0	 -1	
Text Length : 4
	 2	 4	 3	 0	 0	 0	 2	
	 4	 4	 7	 0	 0	 0	 -1	
Text Length : 8
	 2	 8	 3	 0	 0	 0	 -1	
	 4	 8	 7	 0	 0	 0	 -1	
	 8	 8	 15	 0	 0	 0	 -1	
Text Length : 16
	 2	 4	 3	 0	 0	 0	 2	
	 4	 9	 7	 0	 0	 0	 5	
	 8	 16	 15	 0	 0	 0	 -1	
	 16	 16	 31	 0	 0	 0	 -1	
Text Length : 32
	 2	 8	 3	 0	 0	 0	 6	
	 4	 10	 7	 0	 0	 0	 6	
	 8	 27	 15	 0	 0	 0	 19	
	 16	 32	 31	 0	 0	 0	 -1	
	 32	 32	 63	 0	 0	 0	 -1	
Text Length : 64
	 2	 6	 3	 0	 0	 0	 4	
	 4	 5	 7	 0	 0	 0	 1	
	 8	 64	 15	 0	 0	 0	 -1	
	 16	 64	 31	 0	 0	 0	 -1	
	 32	 64	 63	 0	 0	 0	 -1	
	 64	 64	 127	 0	 0	 0	 -1	
Text Length : 128
	 2	 2	 3	 0	 0	 0	 0	
	 4	 6	 7	 0	 0	 0	 2	
	 8	 128	 15	 0	 0	 0	 -1	
	 16	 128	 31	 0	 0	 0	 -1	
	 32	 128	 63	 0	 0	 0	 -1	
	 64	 128	 127	 0	 0	 0	 -1	
	 128	 128	 255	 0	 0	 0	 -1	
Text Length : 256
	 2	 10	 3	 0	 0	 0	 8	
	 4	 38	 7	 0	 0	 0	 34	
	 8	 256	 15	 0	 0	 0	 -1	
	 16	 256	 31	 0	 0	 0	 -1	
	 32	 256	 63	 0	 0	 0	 -1	
	 64	 256	 127	 0	 1	 1	 -1	
	 128	 256	 255	 0	 0	 0	 -1	
	 256	 256	 511	 0	 0	 0	 -1	
Text Length : 512
	 2	 4	 3	 0	 0	 0	 2	
	 4	 4	 7	 0	 0	 0	 0	
	 8	 143	 15	 0	 0	 0	 135	
	 16	 512	 31	 0	 0	 0	 -1	
	 32	 512	 63	 0	 0	 0	 -1	
	 64	 512	 127	 0	 0	 0	 -1	
	 128	 512	 255	 0	 0	 0	 -1	
	 256	 512	 511	 0	 0	 0	 -1	
	 512	 512	 1023	 0	 0	 0	 -1	
Text Length : 1024
	 2	 4	 3	 0	 0	 0	 2	
	 4	 13	 7	 0	 0	 0	 9	
	 8	 295	 15	 0	 0	 0	 287	
	 16	 1024	 31	 0	 0	 0	 -1	
	 32	 1024	 63	 0	 0	 0	 -1	
	 64	 1024	 127	 0	 0	 0	 -1	
	 128	 1024	 255	 0	 1	 1	 -1	
	 256	 1024	 511	 0	 0	 0	 -1	
	 512	 1024	 1023	 0	 0	 0	 -1	
	 1024	 1024	 2047	 0	 0	 0	 -1	
Text Length : 2048
	 2	 2	 3	 0	 0	 0	 0	
	 4	 19	 7	 0	 0	 0	 15	
	 8	 69	 15	 0	 0	 0	 61	
	 16	 2048	 31	 0	 0	 0	 -1	
	 32	 2048	 63	 0	 0	 0	 -1	
	 64	 2048	 127	 0	 0	 0	 -1	
	 128	 2048	 255	 0	 0	 0	 -1	
	 256	 2048	 511	 0	 0	 0	 -1	
	 512	 2048	 1023	 0	 0	 0	 -1	
	 1024	 2048	 2047	 0	 1	 1	 -1	
	 2048	 2048	 4095	 0	 1	 1	 -1	
Text Length : 4096
	 2	 4	 3	 0	 0	 0	 2	
	 4	 6	 7	 0	 0	 0	 2	
	 8	 586	 15	 0	 0	 0	 578	
	 16	 4096	 31	 0	 0	 0	 -1	
	 32	 4096	 63	 0	 0	 0	 -1	
	 64	 4096	 127	 0	 0	 0	 -1	
	 128	 4096	 255	 0	 0	 0	 -1	
	 256	 4096	 511	 0	 1	 1	 -1	
	 512	 4096	 1023	 0	 0	 0	 -1	
	 1024	 4096	 2047	 0	 0	 0	 -1	
	 2048	 4096	 4095	 0	 1	 1	 -1	
	 4096	 4096	 8191	 0	 3	 3	 -1	
Text Length : 8192
	 2	 8	 3	 0	 0	 0	 6	
	 4	 8	 7	 0	 0	 0	 4	
	 8	 205	 15	 0	 0	 0	 197	
	 16	 8192	 31	 0	 0	 0	 -1	
	 32	 8192	 63	 0	 0	 0	 -1	
	 64	 8192	 127	 0	 0	 0	 -1	
	 128	 8192	 255	 0	 0	 0	 -1	
	 256	 8192	 511	 0	 0	 0	 -1	
	 512	 8192	 1023	 0	 0	 0	 -1	
	 1024	 8192	 2047	 0	 1	 1	 -1	
	 2048	 8192	 4095	 0	 3	 3	 -1	
	 4096	 8192	 8191	 0	 2	 2	 -1	
	 8192	 8192	 16383	 0	 4	 4	 -1	
