--- CONDITION 1.1 FIND ALL ONES ---

	 PATTERN LENGTH	 SEARCH INSPECT TIMES	 CONSTRUCT INSPECT TIMES	 SEARCH TIME(ms)	 CONSTRUCT TIME(ms)	 TOTAL TIME(ms)	 FOUND POSITION	
Text Length : 2
	 2	 2	 3	 0	 0	 0	 -1	
Text Length : 4
	 2	 4	 3	 0	 0	 0	 -1	
	 4	 4	 7	 0	 0	 0	 -1	
Text Length : 8
	 2	 8	 3	 0	 0	 0	 -1	
	 4	 8	 7	 0	 0	 0	 -1	
	 8	 8	 15	 0	 0	 0	 -1	
Text Length : 16
	 2	 16	 3	 0	 0	 0	 -1	
	 4	 16	 7	 0	 0	 0	 -1	
	 8	 16	 15	 0	 0	 0	 -1	
	 16	 16	 31	 0	 0	 0	 -1	
Text Length : 32
	 2	 32	 3	 0	 0	 0	 -1	
	 4	 32	 7	 0	 0	 0	 -1	
	 8	 32	 15	 0	 1	 1	 -1	
	 16	 32	 31	 0	 0	 0	 -1	
	 32	 32	 63	 0	 0	 0	 -1	
Text Length : 64
	 2	 64	 3	 0	 0	 0	 -1	
	 4	 64	 7	 0	 0	 0	 -1	
	 8	 64	 15	 0	 0	 0	 -1	
	 16	 64	 31	 0	 1	 1	 -1	
	 32	 64	 63	 0	 0	 0	 -1	
	 64	 64	 127	 0	 0	 0	 -1	
Text Length : 128
	 2	 128	 3	 0	 0	 0	 -1	
	 4	 128	 7	 0	 0	 0	 -1	
	 8	 128	 15	 0	 0	 0	 -1	
	 16	 128	 31	 0	 0	 0	 -1	
	 32	 128	 63	 0	 0	 0	 -1	
	 64	 128	 127	 0	 0	 0	 -1	
	 128	 128	 255	 0	 1	 1	 -1	
Text Length : 256
	 2	 256	 3	 0	 0	 0	 -1	
	 4	 256	 7	 0	 0	 0	 -1	
	 8	 256	 15	 0	 0	 0	 -1	
	 16	 256	 31	 0	 0	 0	 -1	
	 32	 256	 63	 0	 0	 0	 -1	
	 64	 256	 127	 0	 0	 0	 -1	
	 128	 256	 255	 0	 0	 0	 -1	
	 256	 256	 511	 0	 1	 1	 -1	
Text Length : 512
	 2	 512	 3	 0	 0	 0	 -1	
	 4	 512	 7	 0	 0	 0	 -1	
	 8	 512	 15	 0	 0	 0	 -1	
	 16	 512	 31	 0	 0	 0	 -1	
	 32	 512	 63	 0	 0	 0	 -1	
	 64	 512	 127	 0	 1	 1	 -1	
	 128	 512	 255	 0	 0	 0	 -1	
	 256	 512	 511	 0	 0	 0	 -1	
	 512	 512	 1023	 0	 1	 1	 -1	
Text Length : 1024
	 2	 1024	 3	 0	 0	 0	 -1	
	 4	 1024	 7	 0	 0	 0	 -1	
	 8	 1024	 15	 1	 0	 1	 -1	
	 16	 1024	 31	 0	 0	 0	 -1	
	 32	 1024	 63	 0	 0	 0	 -1	
	 64	 1024	 127	 0	 0	 0	 -1	
	 128	 1024	 255	 0	 0	 0	 -1	
	 256	 1024	 511	 0	 1	 1	 -1	
	 512	 1024	 1023	 0	 1	 1	 -1	
	 1024	 1024	 2047	 0	 1	 1	 -1	
Text Length : 2048
	 2	 2048	 3	 0	 0	 0	 -1	
	 4	 2048	 7	 0	 0	 0	 -1	
	 8	 2048	 15	 1	 0	 1	 -1	
	 16	 2048	 31	 0	 0	 0	 -1	
	 32	 2048	 63	 0	 0	 0	 -1	
	 64	 2048	 127	 0	 0	 0	 -1	
	 128	 2048	 255	 0	 0	 0	 -1	
	 256	 2048	 511	 0	 1	 1	 -1	
	 512	 2048	 1023	 1	 0	 1	 -1	
	 1024	 2048	 2047	 0	 1	 1	 -1	
	 2048	 2048	 4095	 0	 2	 2	 -1	
Text Length : 4096
	 2	 4096	 3	 0	 0	 0	 -1	
	 4	 4096	 7	 0	 0	 0	 -1	
	 8	 4096	 15	 0	 0	 0	 -1	
	 16	 4096	 31	 0	 0	 0	 -1	
	 32	 4096	 63	 0	 0	 0	 -1	
	 64	 4096	 127	 0	 0	 0	 -1	
	 128	 4096	 255	 0	 0	 0	 -1	
	 256	 4096	 511	 0	 0	 0	 -1	
	 512	 4096	 1023	 0	 0	 0	 -1	
	 1024	 4096	 2047	 0	 1	 1	 -1	
	 2048	 4096	 4095	 0	 1	 1	 -1	
	 4096	 4096	 8191	 0	 3	 3	 -1	
Text Length : 8192
	 2	 8192	 3	 0	 0	 0	 -1	
	 4	 8192	 7	 0	 0	 0	 -1	
	 8	 8192	 15	 0	 0	 0	 -1	
	 16	 8192	 31	 0	 0	 0	 -1	
	 32	 8192	 63	 0	 0	 0	 -1	
	 64	 8192	 127	 0	 0	 0	 -1	
	 128	 8192	 255	 0	 0	 0	 -1	
	 256	 8192	 511	 0	 1	 1	 -1	
	 512	 8192	 1023	 0	 0	 0	 -1	
	 1024	 8192	 2047	 0	 1	 1	 -1	
	 2048	 8192	 4095	 0	 2	 2	 -1	
	 4096	 8192	 8191	 0	 3	 3	 -1	
	 8192	 8192	 16383	 0	 6	 6	 -1	
--- CONDITION 1.2 FIND (N-2) 0 + 1 + 0 ---

	 PATTERN LENGTH	 SEARCH INSPECT TIMES	 CONSTRUCT INSPECT TIMES	 SEARCH TIME(ms)	 CONSTRUCT TIME(ms)	 TOTAL TIME(ms)	 FOUND POSITION	
Text Length : 2
	 2	 2	 3	 0	 0	 0	 -1	
Text Length : 4
	 2	 4	 3	 0	 0	 0	 -1	
	 4	 4	 7	 0	 0	 0	 -1	
Text Length : 8
	 2	 8	 3	 0	 0	 0	 -1	
	 4	 8	 7	 0	 0	 0	 -1	
	 8	 8	 15	 0	 0	 0	 -1	
Text Length : 16
	 2	 16	 3	 0	 0	 0	 -1	
	 4	 16	 7	 0	 0	 0	 -1	
	 8	 16	 15	 0	 0	 0	 -1	
	 16	 16	 31	 0	 0	 0	 -1	
Text Length : 32
	 2	 32	 3	 0	 0	 0	 -1	
	 4	 32	 7	 0	 0	 0	 -1	
	 8	 32	 15	 0	 0	 0	 -1	
	 16	 32	 31	 0	 0	 0	 -1	
	 32	 32	 63	 0	 0	 0	 -1	
Text Length : 64
	 2	 64	 3	 0	 0	 0	 -1	
	 4	 64	 7	 0	 0	 0	 -1	
	 8	 64	 15	 0	 0	 0	 -1	
	 16	 64	 31	 0	 0	 0	 -1	
	 32	 64	 63	 0	 0	 0	 -1	
	 64	 64	 127	 0	 0	 0	 -1	
Text Length : 128
	 2	 128	 3	 0	 0	 0	 -1	
	 4	 128	 7	 0	 0	 0	 -1	
	 8	 128	 15	 0	 0	 0	 -1	
	 16	 128	 31	 0	 0	 1	 -1	
	 32	 128	 63	 0	 0	 0	 -1	
	 64	 128	 127	 0	 0	 0	 -1	
	 128	 128	 255	 0	 0	 0	 -1	
Text Length : 256
	 2	 256	 3	 0	 0	 0	 -1	
	 4	 256	 7	 0	 0	 0	 -1	
	 8	 256	 15	 0	 0	 0	 -1	
	 16	 256	 31	 0	 0	 0	 -1	
	 32	 256	 63	 0	 0	 0	 -1	
	 64	 256	 127	 0	 0	 0	 -1	
	 128	 256	 255	 0	 0	 0	 -1	
	 256	 256	 511	 0	 1	 1	 -1	
Text Length : 512
	 2	 512	 3	 0	 0	 0	 -1	
	 4	 512	 7	 0	 0	 0	 -1	
	 8	 512	 15	 0	 0	 0	 -1	
	 16	 512	 31	 0	 0	 0	 -1	
	 32	 512	 63	 0	 0	 0	 -1	
	 64	 512	 127	 0	 0	 0	 -1	
	 128	 512	 255	 0	 0	 0	 -1	
	 256	 512	 511	 0	 0	 0	 -1	
	 512	 512	 1023	 0	 1	 1	 -1	
Text Length : 1024
	 2	 1024	 3	 0	 0	 0	 -1	
	 4	 1024	 7	 0	 0	 0	 -1	
	 8	 1024	 15	 0	 0	 0	 -1	
	 16	 1024	 31	 0	 0	 0	 -1	
	 32	 1024	 63	 0	 0	 0	 -1	
	 64	 1024	 127	 0	 0	 0	 -1	
	 128	 1024	 255	 0	 0	 0	 -1	
	 256	 1024	 511	 0	 0	 0	 -1	
	 512	 1024	 1023	 0	 1	 1	 -1	
	 1024	 1024	 2047	 0	 1	 1	 -1	
Text Length : 2048
	 2	 2048	 3	 0	 0	 0	 -1	
	 4	 2048	 7	 0	 0	 0	 -1	
	 8	 2048	 15	 0	 0	 0	 -1	
	 16	 2048	 31	 0	 0	 0	 -1	
	 32	 2048	 63	 0	 0	 0	 -1	
	 64	 2048	 127	 0	 0	 0	 -1	
	 128	 2048	 255	 0	 0	 0	 -1	
	 256	 2048	 511	 0	 1	 1	 -1	
	 512	 2048	 1023	 0	 0	 0	 -1	
	 1024	 2048	 2047	 0	 1	 1	 -1	
	 2048	 2048	 4095	 0	 2	 2	 -1	
Text Length : 4096
	 2	 4096	 3	 0	 0	 0	 -1	
	 4	 4096	 7	 0	 0	 0	 -1	
	 8	 4096	 15	 0	 0	 0	 -1	
	 16	 4096	 31	 0	 0	 0	 -1	
	 32	 4096	 63	 0	 0	 0	 -1	
	 64	 4096	 127	 0	 0	 0	 -1	
	 128	 4096	 255	 0	 0	 0	 -1	
	 256	 4096	 511	 0	 1	 1	 -1	
	 512	 4096	 1023	 0	 0	 0	 -1	
	 1024	 4096	 2047	 0	 1	 1	 -1	
	 2048	 4096	 4095	 0	 1	 1	 -1	
	 4096	 4096	 8191	 0	 3	 3	 -1	
Text Length : 8192
	 2	 8192	 3	 0	 0	 0	 -1	
	 4	 8192	 7	 0	 0	 0	 -1	
	 8	 8192	 15	 0	 0	 0	 -1	
	 16	 8192	 31	 0	 0	 0	 -1	
	 32	 8192	 63	 0	 0	 0	 -1	
	 64	 8192	 127	 0	 0	 0	 -1	
	 128	 8192	 255	 0	 0	 0	 -1	
	 256	 8192	 511	 0	 1	 1	 -1	
	 512	 8192	 1023	 0	 0	 0	 -1	
	 1024	 8192	 2047	 0	 1	 1	 -1	
	 2048	 8192	 4095	 0	 2	 2	 -1	
	 4096	 8192	 8191	 0	 3	 3	 -1	
	 8192	 8192	 16383	 0	 6	 6	 -1	
--- CONDITION 1.3 FIND N*0 IN (N-1) 0 + 1 + (N-1)0 ---

	 PATTERN LENGTH	 SEARCH INSPECT TIMES	 CONSTRUCT INSPECT TIMES	 SEARCH TIME(ms)	 CONSTRUCT TIME(ms)	 TOTAL TIME(ms)	 FOUND POSITION	
Text Length : 3
	 2	 3	 3	 0	 0	 0	 -1	
Text Length : 7
	 2	 2	 3	 0	 0	 0	 0	
	 4	 7	 7	 0	 0	 0	 -1	
Text Length : 15
	 2	 2	 3	 0	 0	 0	 0	
	 4	 4	 7	 0	 0	 0	 0	
	 8	 15	 15	 0	 0	 0	 -1	
Text Length : 31
	 2	 2	 3	 0	 0	 0	 0	
	 4	 4	 7	 0	 0	 0	 0	
	 8	 8	 15	 0	 0	 0	 0	
	 16	 31	 31	 0	 0	 0	 -1	
Text Length : 63
	 2	 2	 3	 0	 0	 0	 0	
	 4	 4	 7	 0	 0	 0	 0	
	 8	 8	 15	 0	 0	 0	 0	
	 16	 16	 31	 0	 0	 0	 0	
	 32	 63	 63	 0	 0	 0	 -1	
Text Length : 127
	 2	 2	 3	 0	 0	 0	 0	
	 4	 4	 7	 0	 0	 0	 0	
	 8	 8	 15	 0	 0	 0	 0	
	 16	 16	 31	 0	 0	 0	 0	
	 32	 32	 63	 0	 0	 0	 0	
	 64	 127	 127	 0	 0	 0	 -1	
Text Length : 255
	 2	 2	 3	 0	 0	 0	 0	
	 4	 4	 7	 0	 0	 0	 0	
	 8	 8	 15	 0	 0	 0	 0	
	 16	 16	 31	 0	 0	 0	 0	
	 32	 32	 63	 0	 0	 0	 0	
	 64	 64	 127	 0	 0	 0	 0	
	 128	 255	 255	 0	 1	 1	 -1	
Text Length : 511
	 2	 2	 3	 0	 0	 0	 0	
	 4	 4	 7	 0	 0	 0	 0	
	 8	 8	 15	 0	 0	 0	 0	
	 16	 16	 31	 0	 0	 0	 0	
	 32	 32	 63	 0	 0	 0	 0	
	 64	 64	 127	 0	 0	 0	 0	
	 128	 128	 255	 0	 0	 0	 0	
	 256	 511	 511	 0	 0	 0	 -1	
Text Length : 1023
	 2	 2	 3	 0	 0	 0	 0	
	 4	 4	 7	 0	 0	 0	 0	
	 8	 8	 15	 0	 0	 0	 0	
	 16	 16	 31	 0	 0	 0	 0	
	 32	 32	 63	 0	 0	 0	 0	
	 64	 64	 127	 0	 0	 0	 0	
	 128	 128	 255	 0	 0	 0	 0	
	 256	 256	 511	 0	 0	 0	 0	
	 512	 1023	 1023	 0	 1	 1	 -1	
Text Length : 2047
	 2	 2	 3	 0	 0	 0	 0	
	 4	 4	 7	 0	 0	 0	 0	
	 8	 8	 15	 0	 0	 0	 0	
	 16	 16	 31	 0	 0	 0	 0	
	 32	 32	 63	 0	 0	 0	 0	
	 64	 64	 127	 0	 0	 0	 0	
	 128	 128	 255	 0	 0	 0	 0	
	 256	 256	 511	 0	 0	 0	 0	
	 512	 512	 1023	 0	 0	 0	 0	
	 1024	 2047	 2047	 0	 1	 1	 -1	
Text Length : 4095
	 2	 2	 3	 0	 0	 0	 0	
	 4	 4	 7	 0	 0	 0	 0	
	 8	 8	 15	 0	 0	 0	 0	
	 16	 16	 31	 0	 0	 0	 0	
	 32	 32	 63	 0	 0	 0	 0	
	 64	 64	 127	 0	 0	 0	 0	
	 128	 128	 255	 0	 0	 0	 0	
	 256	 256	 511	 0	 0	 0	 0	
	 512	 512	 1023	 0	 0	 0	 0	
	 1024	 1024	 2047	 0	 1	 1	 0	
	 2048	 4095	 4095	 0	 1	 1	 -1	
Text Length : 8191
	 2	 2	 3	 0	 0	 0	 0	
	 4	 4	 7	 0	 0	 0	 0	
	 8	 8	 15	 0	 0	 0	 0	
	 16	 16	 31	 0	 0	 0	 0	
	 32	 32	 63	 0	 0	 0	 0	
	 64	 64	 127	 0	 0	 0	 0	
	 128	 128	 255	 0	 1	 1	 0	
	 256	 256	 511	 0	 0	 0	 0	
	 512	 512	 1023	 0	 0	 0	 0	
	 1024	 1024	 2047	 0	 0	 0	 0	
	 2048	 2048	 4095	 0	 1	 1	 0	
	 4096	 8191	 8191	 0	 2	 2	 -1	
Text Length : 16383
	 2	 2	 3	 0	 0	 0	 0	
	 4	 4	 7	 0	 0	 0	 0	
	 8	 8	 15	 0	 0	 0	 0	
	 16	 16	 31	 0	 0	 0	 0	
	 32	 32	 63	 0	 0	 0	 0	
	 64	 64	 127	 0	 0	 0	 0	
	 128	 128	 255	 0	 0	 0	 0	
	 256	 256	 511	 0	 0	 0	 0	
	 512	 512	 1023	 0	 0	 0	 0	
	 1024	 1024	 2047	 0	 1	 1	 0	
	 2048	 2048	 4095	 0	 0	 0	 0	
	 4096	 4096	 8191	 0	 2	 2	 0	
	 8192	 16383	 16383	 0	 3	 3	 -1	
--- CONDITION 1.4 RANDOM ---

	 PATTERN LENGTH	 SEARCH INSPECT TIMES	 CONSTRUCT INSPECT TIMES	 SEARCH TIME(ms)	 CONSTRUCT TIME(ms)	 TOTAL TIME(ms)	 FOUND POSITION	
Text Length : 2
	 2	 2	 3	 0	 0	 0	 -1	
Text Length : 4
	 2	 2	 3	 0	 0	 0	 0	
	 4	 4	 7	 0	 0	 0	 -1	
Text Length : 8
	 2	 8	 3	 0	 0	 0	 -1	
	 4	 8	 7	 0	 0	 0	 -1	
	 8	 8	 15	 0	 0	 0	 -1	
Text Length : 16
	 2	 16	 3	 0	 0	 0	 -1	
	 4	 16	 7	 0	 0	 0	 -1	
	 8	 16	 15	 0	 0	 0	 -1	
	 16	 16	 31	 0	 0	 0	 -1	
Text Length : 32
	 2	 2	 3	 0	 0	 0	 0	
	 4	 32	 7	 0	 0	 0	 -1	
	 8	 32	 15	 0	 0	 0	 -1	
	 16	 32	 31	 0	 0	 0	 -1	
	 32	 32	 63	 0	 0	 0	 -1	
Text Length : 64
	 2	 64	 3	 0	 0	 0	 -1	
	 4	 64	 7	 0	 0	 0	 -1	
	 8	 64	 15	 0	 0	 0	 -1	
	 16	 64	 31	 0	 0	 0	 -1	
	 32	 64	 63	 0	 0	 0	 -1	
	 64	 64	 127	 0	 0	 0	 -1	
Text Length : 128
	 2	 128	 3	 0	 0	 0	 -1	
	 4	 128	 7	 0	 0	 0	 -1	
	 8	 128	 15	 0	 0	 0	 -1	
	 16	 128	 31	 0	 0	 0	 -1	
	 32	 128	 63	 0	 0	 0	 -1	
	 64	 128	 127	 0	 1	 1	 -1	
	 128	 128	 255	 0	 0	 0	 -1	
Text Length : 256
	 2	 256	 3	 0	 0	 0	 -1	
	 4	 4	 7	 0	 0	 0	 0	
	 8	 256	 15	 0	 0	 0	 -1	
	 16	 256	 31	 0	 0	 0	 -1	
	 32	 256	 63	 0	 0	 0	 -1	
	 64	 256	 127	 0	 0	 0	 -1	
	 128	 256	 255	 0	 0	 0	 -1	
	 256	 256	 511	 0	 0	 0	 -1	
Text Length : 512
	 2	 512	 3	 0	 0	 0	 -1	
	 4	 512	 7	 0	 0	 0	 -1	
	 8	 512	 15	 0	 0	 0	 -1	
	 16	 512	 31	 0	 0	 0	 -1	
	 32	 512	 63	 0	 0	 0	 -1	
	 64	 512	 127	 0	 0	 0	 -1	
	 128	 512	 255	 0	 0	 0	 -1	
	 256	 512	 511	 0	 1	 1	 -1	
	 512	 512	 1023	 0	 0	 0	 -1	
Text Length : 1024
	 2	 1024	 3	 0	 0	 0	 -1	
	 4	 1024	 7	 0	 0	 0	 -1	
	 8	 1024	 15	 0	 0	 0	 -1	
	 16	 1024	 31	 0	 0	 0	 -1	
	 32	 1024	 63	 0	 0	 0	 -1	
	 64	 1024	 127	 0	 0	 0	 -1	
	 128	 1024	 255	 0	 0	 0	 -1	
	 256	 1024	 511	 0	 0	 0	 -1	
	 512	 1024	 1023	 0	 1	 1	 -1	
	 1024	 1024	 2047	 0	 0	 0	 -1	
Text Length : 2048
	 2	 2048	 3	 0	 0	 0	 -1	
	 4	 2048	 7	 0	 0	 0	 -1	
	 8	 2048	 15	 0	 0	 0	 -1	
	 16	 2048	 31	 0	 0	 0	 -1	
	 32	 2048	 63	 0	 0	 0	 -1	
	 64	 2048	 127	 0	 0	 0	 -1	
	 128	 2048	 255	 0	 1	 1	 -1	
	 256	 2048	 511	 0	 0	 0	 -1	
	 512	 2048	 1023	 0	 0	 0	 -1	
	 1024	 2048	 2047	 0	 0	 0	 -1	
	 2048	 2048	 4095	 0	 1	 1	 -1	
Text Length : 4096
	 2	 4096	 3	 0	 0	 0	 -1	
	 4	 4096	 7	 0	 0	 0	 -1	
	 8	 4096	 15	 0	 0	 0	 -1	
	 16	 4096	 31	 0	 0	 0	 -1	
	 32	 4096	 63	 0	 0	 0	 -1	
	 64	 4096	 127	 0	 0	 0	 -1	
	 128	 4096	 255	 0	 0	 0	 -1	
	 256	 4096	 511	 0	 0	 0	 -1	
	 512	 4096	 1023	 0	 1	 1	 -1	
	 1024	 4096	 2047	 0	 0	 0	 -1	
	 2048	 4096	 4095	 0	 1	 1	 -1	
	 4096	 4096	 8191	 0	 2	 2	 -1	
Text Length : 8192
	 2	 8192	 3	 0	 0	 0	 -1	
	 4	 8192	 7	 0	 0	 0	 -1	
	 8	 8192	 15	 0	 0	 0	 -1	
	 16	 8192	 31	 0	 0	 0	 -1	
	 32	 8192	 63	 0	 0	 0	 -1	
	 64	 8192	 127	 0	 0	 0	 -1	
	 128	 8192	 255	 0	 0	 0	 -1	
	 256	 8192	 511	 0	 0	 0	 -1	
	 512	 8192	 1023	 0	 0	 0	 -1	
	 1024	 8192	 2047	 0	 1	 1	 -1	
	 2048	 8192	 4095	 0	 1	 1	 -1	
	 4096	 8192	 8191	 0	 2	 2	 -1	
	 8192	 8192	 16383	 0	 7	 7	 -1	
