--- CONDITION 6.1 FIND ALL As ---

	 PATTERN LENGTH	 SEARCH INSPECT TIMES	 CONSTRUCT INSPECT TIMES	 SEARCH TIME(ms)	 CONSTRUCT TIME(ms)	 TOTAL TIME(ms)	 FOUND POSITION	
Text Length : 2
	 2	 2	 3	 0	 0	 0	 -1	
Text Length : 4
	 2	 4	 3	 0	 0	 0	 -1	
	 4	 4	 7	 0	 0	 0	 -1	
Text Length : 8
	 2	 8	 3	 0	 0	 0	 -1	
	 4	 8	 7	 0	 0	 0	 -1	
	 8	 8	 15	 0	 0	 0	 -1	
Text Length : 16
	 2	 16	 3	 0	 0	 0	 -1	
	 4	 16	 7	 0	 0	 0	 -1	
	 8	 16	 15	 0	 0	 0	 -1	
	 16	 16	 31	 0	 0	 0	 -1	
Text Length : 32
	 2	 32	 3	 0	 0	 0	 -1	
	 4	 32	 7	 0	 0	 0	 -1	
	 8	 32	 15	 0	 0	 0	 -1	
	 16	 32	 31	 0	 0	 0	 -1	
	 32	 32	 63	 0	 0	 0	 -1	
Text Length : 64
	 2	 64	 3	 0	 0	 0	 -1	
	 4	 64	 7	 0	 0	 0	 -1	
	 8	 64	 15	 0	 1	 1	 -1	
	 16	 64	 31	 0	 0	 0	 -1	
	 32	 64	 63	 0	 0	 0	 -1	
	 64	 64	 127	 0	 0	 0	 -1	
Text Length : 128
	 2	 128	 3	 0	 0	 0	 -1	
	 4	 128	 7	 0	 0	 0	 -1	
	 8	 128	 15	 0	 0	 0	 -1	
	 16	 128	 31	 0	 0	 0	 -1	
	 32	 128	 63	 0	 0	 0	 -1	
	 64	 128	 127	 0	 0	 0	 -1	
	 128	 128	 255	 0	 0	 0	 -1	
Text Length : 256
	 2	 256	 3	 0	 0	 0	 -1	
	 4	 256	 7	 0	 0	 0	 -1	
	 8	 256	 15	 0	 1	 1	 -1	
	 16	 256	 31	 0	 0	 0	 -1	
	 32	 256	 63	 0	 0	 0	 -1	
	 64	 256	 127	 0	 0	 0	 -1	
	 128	 256	 255	 0	 0	 0	 -1	
	 256	 256	 511	 0	 0	 0	 -1	
Text Length : 512
	 2	 512	 3	 0	 0	 0	 -1	
	 4	 512	 7	 0	 0	 0	 -1	
	 8	 512	 15	 0	 0	 0	 -1	
	 16	 512	 31	 0	 0	 0	 -1	
	 32	 512	 63	 0	 0	 0	 -1	
	 64	 512	 127	 0	 0	 0	 -1	
	 128	 512	 255	 0	 0	 0	 -1	
	 256	 512	 511	 0	 0	 0	 -1	
	 512	 512	 1023	 0	 0	 0	 -1	
Text Length : 1024
	 2	 1024	 3	 0	 0	 0	 -1	
	 4	 1024	 7	 0	 0	 0	 -1	
	 8	 1024	 15	 0	 0	 0	 -1	
	 16	 1024	 31	 0	 0	 0	 -1	
	 32	 1024	 63	 0	 0	 0	 -1	
	 64	 1024	 127	 0	 0	 0	 -1	
	 128	 1024	 255	 0	 0	 0	 -1	
	 256	 1024	 511	 0	 0	 0	 -1	
	 512	 1024	 1023	 0	 1	 1	 -1	
	 1024	 1024	 2047	 0	 1	 1	 -1	
Text Length : 2048
	 2	 73	 3	 0	 0	 0	 71	
	 4	 2048	 7	 0	 0	 0	 -1	
	 8	 2048	 15	 0	 0	 0	 -1	
	 16	 2048	 31	 0	 0	 0	 -1	
	 32	 2048	 63	 0	 0	 0	 -1	
	 64	 2048	 127	 0	 0	 0	 -1	
	 128	 2048	 255	 0	 0	 0	 -1	
	 256	 2048	 511	 0	 0	 0	 -1	
	 512	 2048	 1023	 0	 1	 1	 -1	
	 1024	 2048	 2047	 0	 0	 1	 -1	
	 2048	 2048	 4095	 0	 1	 1	 -1	
Text Length : 4096
	 2	 573	 3	 0	 0	 0	 571	
	 4	 4096	 7	 0	 0	 0	 -1	
	 8	 4096	 15	 0	 0	 0	 -1	
	 16	 4096	 31	 0	 0	 0	 -1	
	 32	 4096	 63	 0	 0	 0	 -1	
	 64	 4096	 127	 0	 0	 0	 -1	
	 128	 4096	 255	 0	 0	 0	 -1	
	 256	 4096	 511	 0	 0	 0	 -1	
	 512	 4096	 1023	 0	 0	 0	 -1	
	 1024	 4096	 2047	 0	 0	 0	 -1	
	 2048	 4096	 4095	 0	 1	 1	 -1	
	 4096	 4096	 8191	 0	 2	 2	 -1	
Text Length : 8192
	 2	 88	 3	 0	 0	 0	 86	
	 4	 8192	 7	 0	 0	 0	 -1	
	 8	 8192	 15	 0	 0	 0	 -1	
	 16	 8192	 31	 0	 0	 0	 -1	
	 32	 8192	 63	 0	 0	 0	 -1	
	 64	 8192	 127	 0	 0	 0	 -1	
	 128	 8192	 255	 0	 0	 0	 -1	
	 256	 8192	 511	 0	 1	 1	 -1	
	 512	 8192	 1023	 0	 0	 0	 -1	
	 1024	 8192	 2047	 0	 1	 1	 -1	
	 2048	 8192	 4095	 0	 1	 1	 -1	
	 4096	 8192	 8191	 0	 3	 3	 -1	
	 8192	 8192	 16383	 0	 6	 6	 -1	
--- CONDITION 6.2 FIND (N-2) A + B + A ---

	 PATTERN LENGTH	 SEARCH INSPECT TIMES	 CONSTRUCT INSPECT TIMES	 SEARCH TIME(ms)	 CONSTRUCT TIME(ms)	 TOTAL TIME(ms)	 FOUND POSITION	
Text Length : 2
	 2	 2	 3	 0	 0	 0	 -1	
Text Length : 4
	 2	 4	 3	 0	 0	 0	 -1	
	 4	 4	 7	 0	 0	 0	 -1	
Text Length : 8
	 2	 8	 3	 0	 0	 0	 -1	
	 4	 8	 7	 0	 0	 0	 -1	
	 8	 8	 15	 0	 0	 0	 -1	
Text Length : 16
	 2	 16	 3	 0	 0	 0	 -1	
	 4	 16	 7	 0	 0	 0	 -1	
	 8	 16	 15	 0	 0	 0	 -1	
	 16	 16	 31	 0	 0	 0	 -1	
Text Length : 32
	 2	 32	 3	 0	 0	 0	 -1	
	 4	 32	 7	 0	 0	 0	 -1	
	 8	 32	 15	 0	 0	 0	 -1	
	 16	 32	 31	 0	 0	 0	 -1	
	 32	 32	 63	 0	 0	 0	 -1	
Text Length : 64
	 2	 64	 3	 0	 0	 0	 -1	
	 4	 64	 7	 0	 0	 0	 -1	
	 8	 64	 15	 0	 0	 0	 -1	
	 16	 64	 31	 0	 0	 0	 -1	
	 32	 64	 63	 0	 0	 0	 -1	
	 64	 64	 127	 0	 0	 0	 -1	
Text Length : 128
	 2	 19	 3	 0	 0	 0	 17	
	 4	 128	 7	 0	 0	 0	 -1	
	 8	 128	 15	 0	 1	 1	 -1	
	 16	 128	 31	 0	 0	 0	 -1	
	 32	 128	 63	 0	 0	 0	 -1	
	 64	 128	 127	 0	 0	 0	 -1	
	 128	 128	 255	 0	 0	 0	 -1	
Text Length : 256
	 2	 256	 3	 0	 0	 0	 -1	
	 4	 256	 7	 0	 0	 0	 -1	
	 8	 256	 15	 0	 0	 0	 -1	
	 16	 256	 31	 0	 0	 0	 -1	
	 32	 256	 63	 0	 0	 0	 -1	
	 64	 256	 127	 0	 0	 0	 -1	
	 128	 256	 255	 0	 0	 0	 -1	
	 256	 256	 511	 0	 0	 0	 -1	
Text Length : 512
	 2	 9	 3	 0	 0	 0	 7	
	 4	 512	 7	 0	 0	 0	 -1	
	 8	 512	 15	 0	 0	 0	 -1	
	 16	 512	 31	 0	 0	 0	 -1	
	 32	 512	 63	 0	 0	 0	 -1	
	 64	 512	 127	 0	 1	 1	 -1	
	 128	 512	 255	 0	 0	 0	 -1	
	 256	 512	 511	 0	 0	 0	 -1	
	 512	 512	 1023	 0	 0	 0	 -1	
Text Length : 1024
	 2	 1024	 3	 0	 0	 0	 -1	
	 4	 1024	 7	 0	 0	 0	 -1	
	 8	 1024	 15	 0	 0	 0	 -1	
	 16	 1024	 31	 0	 0	 0	 -1	
	 32	 1024	 63	 0	 0	 0	 -1	
	 64	 1024	 127	 0	 0	 0	 -1	
	 128	 1024	 255	 0	 0	 0	 -1	
	 256	 1024	 511	 0	 0	 0	 -1	
	 512	 1024	 1023	 0	 0	 0	 -1	
	 1024	 1024	 2047	 0	 1	 1	 -1	
Text Length : 2048
	 2	 1682	 3	 0	 0	 0	 1680	
	 4	 2048	 7	 0	 0	 0	 -1	
	 8	 2048	 15	 0	 0	 0	 -1	
	 16	 2048	 31	 0	 0	 0	 -1	
	 32	 2048	 63	 0	 0	 0	 -1	
	 64	 2048	 127	 0	 0	 0	 -1	
	 128	 2048	 255	 0	 0	 0	 -1	
	 256	 2048	 511	 0	 0	 0	 -1	
	 512	 2048	 1023	 0	 0	 0	 -1	
	 1024	 2048	 2047	 0	 1	 1	 -1	
	 2048	 2048	 4095	 0	 1	 1	 -1	
Text Length : 4096
	 2	 1275	 3	 0	 0	 0	 1273	
	 4	 4096	 7	 0	 0	 0	 -1	
	 8	 4096	 15	 0	 0	 0	 -1	
	 16	 4096	 31	 0	 0	 0	 -1	
	 32	 4096	 63	 0	 0	 0	 -1	
	 64	 4096	 127	 0	 0	 0	 -1	
	 128	 4096	 255	 0	 0	 0	 -1	
	 256	 4096	 511	 0	 1	 1	 -1	
	 512	 4096	 1023	 0	 0	 0	 -1	
	 1024	 4096	 2047	 0	 1	 1	 -1	
	 2048	 4096	 4095	 0	 2	 2	 -1	
	 4096	 4096	 8191	 0	 3	 3	 -1	
Text Length : 8192
	 2	 1596	 3	 0	 0	 0	 1594	
	 4	 8192	 7	 0	 0	 0	 -1	
	 8	 8192	 15	 0	 0	 0	 -1	
	 16	 8192	 31	 0	 0	 0	 -1	
	 32	 8192	 63	 0	 0	 0	 -1	
	 64	 8192	 127	 0	 0	 0	 -1	
	 128	 8192	 255	 0	 0	 0	 -1	
	 256	 8192	 511	 0	 0	 0	 -1	
	 512	 8192	 1023	 0	 1	 1	 -1	
	 1024	 8192	 2047	 0	 0	 0	 -1	
	 2048	 8192	 4095	 0	 2	 2	 -1	
	 4096	 8192	 8191	 0	 3	 3	 -1	
	 8192	 8192	 16383	 0	 6	 6	 -1	
--- CONDITION 6.3 FIND (N-1) A + B + (N-1)A ---

	 PATTERN LENGTH	 SEARCH INSPECT TIMES	 CONSTRUCT INSPECT TIMES	 SEARCH TIME(ms)	 CONSTRUCT TIME(ms)	 TOTAL TIME(ms)	 FOUND POSITION	
Text Length : 2
	 3	 2	 5	 0	 0	 0	 -1	
Text Length : 4
	 3	 4	 5	 0	 0	 0	 -1	
	 5	 4	 9	 0	 0	 0	 -1	
Text Length : 8
	 3	 8	 5	 0	 0	 0	 -1	
	 5	 8	 9	 0	 0	 0	 -1	
	 9	 8	 17	 0	 0	 0	 -1	
Text Length : 16
	 3	 16	 5	 0	 0	 0	 -1	
	 5	 16	 9	 0	 0	 0	 -1	
	 9	 16	 17	 0	 0	 0	 -1	
	 17	 16	 33	 0	 0	 0	 -1	
Text Length : 32
	 3	 32	 5	 0	 0	 0	 -1	
	 5	 32	 9	 0	 0	 0	 -1	
	 9	 32	 17	 0	 0	 0	 -1	
	 17	 32	 33	 0	 0	 0	 -1	
	 33	 32	 65	 0	 0	 0	 -1	
Text Length : 64
	 3	 64	 5	 0	 0	 0	 -1	
	 5	 64	 9	 0	 0	 0	 -1	
	 9	 64	 17	 0	 0	 0	 -1	
	 17	 64	 33	 0	 0	 0	 -1	
	 33	 64	 65	 0	 1	 1	 -1	
	 65	 64	 129	 0	 0	 0	 -1	
Text Length : 128
	 3	 128	 5	 0	 0	 0	 -1	
	 5	 128	 9	 0	 0	 0	 -1	
	 9	 128	 17	 0	 0	 0	 -1	
	 17	 128	 33	 0	 0	 0	 -1	
	 33	 128	 65	 0	 0	 0	 -1	
	 65	 128	 129	 0	 0	 0	 -1	
	 129	 128	 257	 0	 0	 0	 -1	
Text Length : 256
	 3	 256	 5	 0	 0	 0	 -1	
	 5	 256	 9	 0	 0	 0	 -1	
	 9	 256	 17	 0	 0	 0	 -1	
	 17	 256	 33	 0	 0	 0	 -1	
	 33	 256	 65	 0	 0	 0	 -1	
	 65	 256	 129	 0	 0	 0	 -1	
	 129	 256	 257	 0	 0	 0	 -1	
	 257	 256	 513	 0	 0	 0	 -1	
Text Length : 512
	 3	 512	 5	 0	 0	 0	 -1	
	 5	 512	 9	 0	 0	 0	 -1	
	 9	 512	 17	 0	 0	 0	 -1	
	 17	 512	 33	 0	 0	 0	 -1	
	 33	 512	 65	 0	 0	 0	 -1	
	 65	 512	 129	 0	 0	 0	 -1	
	 129	 512	 257	 0	 0	 0	 -1	
	 257	 512	 513	 0	 0	 0	 -1	
	 513	 512	 1025	 0	 0	 0	 -1	
Text Length : 1024
	 3	 1024	 5	 0	 0	 0	 -1	
	 5	 1024	 9	 0	 1	 1	 -1	
	 9	 1024	 17	 0	 0	 0	 -1	
	 17	 1024	 33	 0	 0	 0	 -1	
	 33	 1024	 65	 0	 0	 0	 -1	
	 65	 1024	 129	 0	 0	 0	 -1	
	 129	 1024	 257	 0	 0	 0	 -1	
	 257	 1024	 513	 0	 0	 0	 -1	
	 513	 1024	 1025	 0	 0	 0	 -1	
	 1025	 1024	 2049	 0	 1	 1	 -1	
Text Length : 2048
	 3	 2048	 5	 0	 0	 0	 -1	
	 5	 2048	 9	 0	 0	 0	 -1	
	 9	 2048	 17	 0	 0	 0	 -1	
	 17	 2048	 33	 0	 0	 0	 -1	
	 33	 2048	 65	 0	 0	 0	 -1	
	 65	 2048	 129	 0	 0	 0	 -1	
	 129	 2048	 257	 0	 0	 0	 -1	
	 257	 2048	 513	 0	 0	 0	 -1	
	 513	 2048	 1025	 0	 0	 0	 -1	
	 1025	 2048	 2049	 0	 1	 1	 -1	
	 2049	 2048	 4097	 0	 2	 2	 -1	
Text Length : 4096
	 3	 4096	 5	 0	 0	 0	 -1	
	 5	 4096	 9	 0	 0	 0	 -1	
	 9	 4096	 17	 0	 0	 0	 -1	
	 17	 4096	 33	 0	 0	 0	 -1	
	 33	 4096	 65	 0	 0	 0	 -1	
	 65	 4096	 129	 0	 0	 0	 -1	
	 129	 4096	 257	 0	 0	 0	 -1	
	 257	 4096	 513	 0	 1	 1	 -1	
	 513	 4096	 1025	 0	 0	 0	 -1	
	 1025	 4096	 2049	 0	 1	 1	 -1	
	 2049	 4096	 4097	 0	 1	 1	 -1	
	 4097	 4096	 8193	 0	 3	 3	 -1	
Text Length : 8192
	 3	 4548	 5	 0	 0	 0	 4545	
	 5	 8192	 9	 0	 0	 0	 -1	
	 9	 8192	 17	 0	 0	 0	 -1	
	 17	 8192	 33	 0	 0	 0	 -1	
	 33	 8192	 65	 0	 0	 0	 -1	
	 65	 8192	 129	 0	 0	 0	 -1	
	 129	 8192	 257	 0	 0	 0	 -1	
	 257	 8192	 513	 0	 0	 0	 -1	
	 513	 8192	 1025	 0	 1	 1	 -1	
	 1025	 8192	 2049	 0	 1	 1	 -1	
	 2049	 8192	 4097	 0	 1	 1	 -1	
	 4097	 8192	 8193	 0	 3	 3	 -1	
	 8193	 8192	 16385	 0	 7	 7	 -1	
--- CONDITION 6.4 RANDOM PATTERN ---

	 PATTERN LENGTH	 SEARCH INSPECT TIMES	 CONSTRUCT INSPECT TIMES	 SEARCH TIME(ms)	 CONSTRUCT TIME(ms)	 TOTAL TIME(ms)	 FOUND POSITION	
Text Length : 2
	 2	 2	 3	 0	 0	 0	 -1	
Text Length : 4
	 2	 4	 3	 0	 0	 0	 -1	
	 4	 4	 7	 0	 0	 0	 -1	
Text Length : 8
	 2	 8	 3	 0	 0	 0	 -1	
	 4	 8	 7	 0	 0	 0	 -1	
	 8	 8	 15	 0	 0	 0	 -1	
Text Length : 16
	 2	 16	 3	 0	 0	 0	 -1	
	 4	 16	 7	 0	 0	 0	 -1	
	 8	 16	 15	 0	 0	 0	 -1	
	 16	 16	 31	 0	 0	 0	 -1	
Text Length : 32
	 2	 32	 3	 0	 0	 0	 -1	
	 4	 32	 7	 0	 0	 0	 -1	
	 8	 32	 15	 0	 0	 0	 -1	
	 16	 32	 31	 0	 0	 0	 -1	
	 32	 32	 63	 0	 0	 0	 -1	
Text Length : 64
	 2	 64	 3	 0	 0	 0	 -1	
	 4	 64	 7	 0	 0	 0	 -1	
	 8	 64	 15	 0	 0	 0	 -1	
	 16	 64	 31	 0	 0	 0	 -1	
	 32	 64	 63	 0	 0	 0	 -1	
	 64	 64	 127	 0	 0	 0	 -1	
Text Length : 128
	 2	 128	 3	 0	 0	 0	 -1	
	 4	 128	 7	 0	 0	 0	 -1	
	 8	 128	 15	 0	 0	 0	 -1	
	 16	 128	 31	 0	 0	 0	 -1	
	 32	 128	 63	 0	 0	 0	 -1	
	 64	 128	 127	 0	 0	 0	 -1	
	 128	 128	 255	 0	 0	 0	 -1	
Text Length : 256
	 2	 256	 3	 0	 0	 0	 -1	
	 4	 256	 7	 0	 0	 0	 -1	
	 8	 256	 15	 0	 0	 0	 -1	
	 16	 256	 31	 0	 0	 0	 -1	
	 32	 256	 63	 0	 0	 0	 -1	
	 64	 256	 127	 0	 0	 0	 -1	
	 128	 256	 255	 0	 1	 1	 -1	
	 256	 256	 511	 0	 0	 0	 -1	
Text Length : 512
	 2	 512	 3	 0	 0	 0	 -1	
	 4	 512	 7	 0	 0	 0	 -1	
	 8	 512	 15	 0	 0	 0	 -1	
	 16	 512	 31	 0	 0	 0	 -1	
	 32	 512	 63	 0	 0	 0	 -1	
	 64	 512	 127	 0	 0	 0	 -1	
	 128	 512	 255	 0	 0	 0	 -1	
	 256	 512	 511	 0	 0	 0	 -1	
	 512	 512	 1023	 0	 0	 0	 -1	
Text Length : 1024
	 2	 757	 3	 0	 0	 0	 755	
	 4	 1024	 7	 0	 0	 0	 -1	
	 8	 1024	 15	 0	 0	 0	 -1	
	 16	 1024	 31	 0	 0	 0	 -1	
	 32	 1024	 63	 0	 0	 0	 -1	
	 64	 1024	 127	 0	 0	 0	 -1	
	 128	 1024	 255	 0	 0	 0	 -1	
	 256	 1024	 511	 0	 0	 0	 -1	
	 512	 1024	 1023	 0	 0	 0	 -1	
	 1024	 1024	 2047	 0	 1	 1	 -1	
Text Length : 2048
	 2	 342	 3	 0	 0	 0	 340	
	 4	 2048	 7	 0	 0	 0	 -1	
	 8	 2048	 15	 0	 0	 0	 -1	
	 16	 2048	 31	 0	 0	 0	 -1	
	 32	 2048	 63	 0	 0	 0	 -1	
	 64	 2048	 127	 0	 0	 0	 -1	
	 128	 2048	 255	 0	 0	 0	 -1	
	 256	 2048	 511	 0	 0	 0	 -1	
	 512	 2048	 1023	 0	 1	 1	 -1	
	 1024	 2048	 2047	 0	 1	 1	 -1	
	 2048	 2048	 4095	 0	 1	 1	 -1	
Text Length : 4096
	 2	 2312	 3	 0	 0	 0	 2310	
	 4	 4096	 7	 0	 0	 0	 -1	
	 8	 4096	 15	 0	 0	 0	 -1	
	 16	 4096	 31	 0	 0	 0	 -1	
	 32	 4096	 63	 0	 0	 0	 -1	
	 64	 4096	 127	 0	 0	 0	 -1	
	 128	 4096	 255	 0	 0	 0	 -1	
	 256	 4096	 511	 0	 1	 1	 -1	
	 512	 4096	 1023	 0	 0	 0	 -1	
	 1024	 4096	 2047	 0	 1	 1	 -1	
	 2048	 4096	 4095	 0	 1	 1	 -1	
	 4096	 4096	 8191	 0	 3	 3	 -1	
Text Length : 8192
	 2	 1017	 3	 0	 0	 0	 1015	
	 4	 8192	 7	 0	 0	 0	 -1	
	 8	 8192	 15	 0	 0	 0	 -1	
	 16	 8192	 31	 0	 0	 0	 -1	
	 32	 8192	 63	 0	 0	 0	 -1	
	 64	 8192	 127	 0	 0	 0	 -1	
	 128	 8192	 255	 0	 0	 0	 -1	
	 256	 8192	 511	 0	 1	 1	 -1	
	 512	 8192	 1023	 0	 0	 0	 -1	
	 1024	 8192	 2047	 0	 1	 1	 -1	
	 2048	 8192	 4095	 0	 1	 1	 -1	
	 4096	 8192	 8191	 0	 3	 3	 -1	
	 8192	 8192	 16383	 0	 7	 7	 -1	
