--- CONDITION 4.1 FIND ALL ONES ---

	 PATTERN LENGTH	 SEARCH INSPECT TIMES	 CONSTRUCT INSPECT TIMES	 SEARCH TIME(ms)	 CONSTRUCT TIME(ms)	 TOTAL TIME(ms)	 FOUND POSITION	
Text Length : 2
	 2	 2	 3	 0	 0	 0	 -1	
Text Length : 4
	 2	 4	 3	 0	 0	 0	 -1	
	 4	 4	 7	 0	 0	 0	 -1	
Text Length : 8
	 2	 8	 3	 0	 0	 0	 -1	
	 4	 8	 7	 0	 0	 0	 -1	
	 8	 8	 15	 0	 0	 0	 -1	
Text Length : 16
	 2	 16	 3	 0	 0	 0	 -1	
	 4	 16	 7	 0	 0	 0	 -1	
	 8	 16	 15	 0	 0	 0	 -1	
	 16	 16	 31	 0	 0	 0	 -1	
Text Length : 32
	 2	 32	 3	 0	 0	 0	 -1	
	 4	 32	 7	 0	 0	 0	 -1	
	 8	 32	 15	 0	 0	 0	 -1	
	 16	 32	 31	 0	 0	 0	 -1	
	 32	 32	 63	 0	 0	 0	 -1	
Text Length : 64
	 2	 64	 3	 0	 0	 0	 -1	
	 4	 64	 7	 0	 0	 0	 -1	
	 8	 64	 15	 0	 0	 0	 -1	
	 16	 64	 31	 0	 0	 0	 -1	
	 32	 64	 63	 0	 0	 0	 -1	
	 64	 64	 127	 0	 0	 0	 -1	
Text Length : 128
	 2	 128	 3	 0	 0	 0	 -1	
	 4	 128	 7	 0	 0	 0	 -1	
	 8	 128	 15	 0	 0	 0	 -1	
	 16	 128	 31	 0	 0	 0	 -1	
	 32	 128	 63	 0	 0	 0	 -1	
	 64	 128	 127	 0	 0	 0	 -1	
	 128	 128	 255	 0	 0	 0	 -1	
Text Length : 256
	 2	 256	 3	 0	 0	 0	 -1	
	 4	 256	 7	 0	 0	 0	 -1	
	 8	 256	 15	 0	 0	 0	 -1	
	 16	 256	 31	 0	 0	 0	 -1	
	 32	 256	 63	 0	 0	 0	 -1	
	 64	 256	 127	 0	 0	 0	 -1	
	 128	 256	 255	 0	 0	 0	 -1	
	 256	 256	 511	 0	 0	 0	 -1	
Text Length : 512
	 2	 512	 3	 0	 0	 0	 -1	
	 4	 512	 7	 0	 0	 0	 -1	
	 8	 512	 15	 0	 0	 0	 -1	
	 16	 512	 31	 0	 0	 0	 -1	
	 32	 512	 63	 0	 0	 0	 -1	
	 64	 512	 127	 0	 0	 0	 -1	
	 128	 512	 255	 0	 0	 0	 -1	
	 256	 512	 511	 0	 1	 1	 -1	
	 512	 512	 1023	 0	 0	 0	 -1	
Text Length : 1024
	 2	 1024	 3	 0	 0	 0	 -1	
	 4	 1024	 7	 0	 0	 0	 -1	
	 8	 1024	 15	 0	 0	 0	 -1	
	 16	 1024	 31	 0	 0	 0	 -1	
	 32	 1024	 63	 0	 0	 0	 -1	
	 64	 1024	 127	 0	 0	 0	 -1	
	 128	 1024	 255	 0	 1	 1	 -1	
	 256	 1024	 511	 0	 0	 0	 -1	
	 512	 1024	 1023	 0	 0	 0	 -1	
	 1024	 1024	 2047	 0	 1	 1	 -1	
Text Length : 2048
	 2	 2048	 3	 0	 0	 0	 -1	
	 4	 2048	 7	 0	 0	 0	 -1	
	 8	 2048	 15	 0	 0	 0	 -1	
	 16	 2048	 31	 0	 0	 0	 -1	
	 32	 2048	 63	 0	 0	 0	 -1	
	 64	 2048	 127	 0	 0	 0	 -1	
	 128	 2048	 255	 0	 1	 1	 -1	
	 256	 2048	 511	 0	 0	 0	 -1	
	 512	 2048	 1023	 0	 0	 0	 -1	
	 1024	 2048	 2047	 0	 1	 1	 -1	
	 2048	 2048	 4095	 0	 1	 1	 -1	
Text Length : 4096
	 2	 4096	 3	 0	 0	 0	 -1	
	 4	 4096	 7	 0	 0	 0	 -1	
	 8	 4096	 15	 0	 0	 0	 -1	
	 16	 4096	 31	 0	 0	 0	 -1	
	 32	 4096	 63	 0	 0	 0	 -1	
	 64	 4096	 127	 0	 0	 0	 -1	
	 128	 4096	 255	 0	 0	 0	 -1	
	 256	 4096	 511	 0	 1	 1	 -1	
	 512	 4096	 1023	 0	 0	 0	 -1	
	 1024	 4096	 2047	 0	 1	 1	 -1	
	 2048	 4096	 4095	 0	 1	 1	 -1	
	 4096	 4096	 8191	 0	 3	 3	 -1	
Text Length : 8192
	 2	 8192	 3	 0	 0	 0	 -1	
	 4	 8192	 7	 0	 0	 0	 -1	
	 8	 8192	 15	 0	 0	 0	 -1	
	 16	 8192	 31	 0	 0	 0	 -1	
	 32	 8192	 63	 0	 0	 0	 -1	
	 64	 8192	 127	 0	 0	 0	 -1	
	 128	 8192	 255	 0	 0	 0	 -1	
	 256	 8192	 511	 0	 0	 0	 -1	
	 512	 8192	 1023	 0	 1	 1	 -1	
	 1024	 8192	 2047	 0	 0	 0	 -1	
	 2048	 8192	 4095	 0	 2	 2	 -1	
	 4096	 8192	 8191	 0	 2	 2	 -1	
	 8192	 8192	 16383	 0	 5	 5	 -1	
--- CONDITION 4.2 FIND (N-2) 0 + 1 + 0 ---

	 PATTERN LENGTH	 SEARCH INSPECT TIMES	 CONSTRUCT INSPECT TIMES	 SEARCH TIME(ms)	 CONSTRUCT TIME(ms)	 TOTAL TIME(ms)	 FOUND POSITION	
Text Length : 2
	 2	 2	 3	 0	 0	 0	 -1	
Text Length : 4
	 2	 3	 3	 0	 0	 0	 1	
	 4	 4	 7	 0	 0	 0	 -1	
Text Length : 8
	 2	 3	 3	 0	 0	 0	 1	
	 4	 8	 7	 0	 0	 0	 -1	
	 8	 8	 15	 0	 0	 0	 -1	
Text Length : 16
	 2	 3	 3	 0	 0	 0	 1	
	 4	 16	 7	 0	 0	 0	 -1	
	 8	 16	 15	 0	 0	 0	 -1	
	 16	 16	 31	 0	 0	 0	 -1	
Text Length : 32
	 2	 3	 3	 0	 0	 0	 1	
	 4	 32	 7	 0	 0	 0	 -1	
	 8	 32	 15	 0	 0	 0	 -1	
	 16	 32	 31	 0	 0	 0	 -1	
	 32	 32	 63	 0	 0	 0	 -1	
Text Length : 64
	 2	 3	 3	 0	 0	 0	 1	
	 4	 64	 7	 0	 1	 1	 -1	
	 8	 64	 15	 0	 0	 0	 -1	
	 16	 64	 31	 0	 0	 0	 -1	
	 32	 64	 63	 0	 0	 0	 -1	
	 64	 64	 127	 0	 0	 0	 -1	
Text Length : 128
	 2	 3	 3	 0	 0	 0	 1	
	 4	 128	 7	 0	 0	 0	 -1	
	 8	 128	 15	 0	 0	 0	 -1	
	 16	 128	 31	 0	 0	 0	 -1	
	 32	 128	 63	 0	 0	 0	 -1	
	 64	 128	 127	 0	 0	 0	 -1	
	 128	 128	 255	 0	 0	 0	 -1	
Text Length : 256
	 2	 3	 3	 0	 0	 0	 1	
	 4	 256	 7	 0	 0	 0	 -1	
	 8	 256	 15	 0	 0	 0	 -1	
	 16	 256	 31	 0	 0	 0	 -1	
	 32	 256	 63	 0	 0	 0	 -1	
	 64	 256	 127	 0	 0	 0	 -1	
	 128	 256	 255	 0	 0	 0	 -1	
	 256	 256	 511	 0	 0	 0	 -1	
Text Length : 512
	 2	 3	 3	 0	 0	 0	 1	
	 4	 512	 7	 0	 0	 0	 -1	
	 8	 512	 15	 0	 0	 0	 -1	
	 16	 512	 31	 0	 0	 0	 -1	
	 32	 512	 63	 0	 0	 0	 -1	
	 64	 512	 127	 0	 1	 1	 -1	
	 128	 512	 255	 0	 0	 0	 -1	
	 256	 512	 511	 0	 0	 0	 -1	
	 512	 512	 1023	 0	 0	 0	 -1	
Text Length : 1024
	 2	 3	 3	 0	 0	 0	 1	
	 4	 1024	 7	 0	 0	 0	 -1	
	 8	 1024	 15	 0	 0	 0	 -1	
	 16	 1024	 31	 0	 0	 0	 -1	
	 32	 1024	 63	 0	 0	 0	 -1	
	 64	 1024	 127	 0	 0	 0	 -1	
	 128	 1024	 255	 0	 0	 0	 -1	
	 256	 1024	 511	 0	 1	 1	 -1	
	 512	 1024	 1023	 0	 0	 0	 -1	
	 1024	 1024	 2047	 0	 1	 1	 -1	
Text Length : 2048
	 2	 3	 3	 0	 0	 0	 1	
	 4	 2048	 7	 0	 0	 0	 -1	
	 8	 2048	 15	 0	 0	 0	 -1	
	 16	 2048	 31	 0	 0	 0	 -1	
	 32	 2048	 63	 0	 0	 0	 -1	
	 64	 2048	 127	 0	 0	 0	 -1	
	 128	 2048	 255	 0	 0	 0	 -1	
	 256	 2048	 511	 0	 0	 0	 -1	
	 512	 2048	 1023	 0	 0	 0	 -1	
	 1024	 2048	 2047	 0	 1	 1	 -1	
	 2048	 2048	 4095	 0	 2	 2	 -1	
Text Length : 4096
	 2	 3	 3	 0	 0	 0	 1	
	 4	 4096	 7	 0	 0	 0	 -1	
	 8	 4096	 15	 0	 0	 0	 -1	
	 16	 4096	 31	 0	 0	 0	 -1	
	 32	 4096	 63	 0	 0	 0	 -1	
	 64	 4096	 127	 0	 0	 0	 -1	
	 128	 4096	 255	 0	 0	 0	 -1	
	 256	 4096	 511	 0	 0	 0	 -1	
	 512	 4096	 1023	 0	 0	 0	 -1	
	 1024	 4096	 2047	 0	 1	 1	 -1	
	 2048	 4096	 4095	 0	 1	 1	 -1	
	 4096	 4096	 8191	 0	 3	 3	 -1	
Text Length : 8192
	 2	 3	 3	 0	 0	 0	 1	
	 4	 8192	 7	 0	 0	 0	 -1	
	 8	 8192	 15	 0	 0	 0	 -1	
	 16	 8192	 31	 0	 0	 0	 -1	
	 32	 8192	 63	 0	 0	 0	 -1	
	 64	 8192	 127	 0	 0	 0	 -1	
	 128	 8192	 255	 0	 2	 2	 -1	
	 256	 8192	 511	 0	 0	 0	 -1	
	 512	 8192	 1023	 0	 0	 0	 -1	
	 1024	 8192	 2047	 0	 1	 1	 -1	
	 2048	 8192	 4095	 0	 0	 0	 -1	
	 4096	 8192	 8191	 0	 3	 3	 -1	
	 8192	 8192	 16383	 0	 4	 4	 -1	
--- CONDITION 4.3 FIND N*0 IN (N-1) 0 + 1 + (N-1)0 ---

	 PATTERN LENGTH	 SEARCH INSPECT TIMES	 CONSTRUCT INSPECT TIMES	 SEARCH TIME(ms)	 CONSTRUCT TIME(ms)	 TOTAL TIME(ms)	 FOUND POSITION	
Text Length : 5
	 2	 5	 3	 0	 0	 0	 -1	
Text Length : 9
	 2	 9	 3	 0	 0	 0	 -1	
	 4	 9	 7	 0	 0	 0	 -1	
Text Length : 17
	 2	 17	 3	 0	 0	 0	 -1	
	 4	 17	 7	 0	 0	 0	 -1	
	 8	 17	 15	 0	 0	 0	 -1	
Text Length : 33
	 2	 33	 3	 0	 0	 0	 -1	
	 4	 33	 7	 0	 0	 0	 -1	
	 8	 33	 15	 0	 0	 0	 -1	
	 16	 33	 31	 0	 0	 0	 -1	
Text Length : 65
	 2	 65	 3	 0	 0	 0	 -1	
	 4	 65	 7	 0	 0	 0	 -1	
	 8	 65	 15	 0	 0	 0	 -1	
	 16	 65	 31	 0	 0	 0	 -1	
	 32	 65	 63	 0	 0	 0	 -1	
Text Length : 129
	 2	 129	 3	 0	 0	 0	 -1	
	 4	 129	 7	 0	 0	 0	 -1	
	 8	 129	 15	 0	 0	 0	 -1	
	 16	 129	 31	 0	 0	 0	 -1	
	 32	 129	 63	 0	 0	 0	 -1	
	 64	 129	 127	 0	 0	 0	 -1	
Text Length : 257
	 2	 257	 3	 0	 0	 0	 -1	
	 4	 257	 7	 0	 0	 0	 -1	
	 8	 257	 15	 0	 0	 0	 -1	
	 16	 257	 31	 0	 0	 0	 -1	
	 32	 257	 63	 0	 0	 0	 -1	
	 64	 257	 127	 0	 0	 0	 -1	
	 128	 257	 255	 0	 0	 0	 -1	
Text Length : 513
	 2	 513	 3	 0	 0	 0	 -1	
	 4	 513	 7	 0	 0	 0	 -1	
	 8	 513	 15	 0	 0	 0	 -1	
	 16	 513	 31	 0	 0	 0	 -1	
	 32	 513	 63	 0	 0	 0	 -1	
	 64	 513	 127	 0	 0	 0	 -1	
	 128	 513	 255	 0	 0	 0	 -1	
	 256	 513	 511	 0	 0	 0	 -1	
Text Length : 1025
	 2	 1025	 3	 0	 0	 0	 -1	
	 4	 1025	 7	 0	 0	 0	 -1	
	 8	 1025	 15	 0	 0	 0	 -1	
	 16	 1025	 31	 0	 0	 0	 -1	
	 32	 1025	 63	 0	 0	 0	 -1	
	 64	 1025	 127	 0	 0	 0	 -1	
	 128	 1025	 255	 0	 0	 0	 -1	
	 256	 1025	 511	 0	 1	 1	 -1	
	 512	 1025	 1023	 0	 0	 0	 -1	
Text Length : 2049
	 2	 2049	 3	 0	 0	 0	 -1	
	 4	 2049	 7	 0	 0	 0	 -1	
	 8	 2049	 15	 0	 0	 0	 -1	
	 16	 2049	 31	 0	 0	 0	 -1	
	 32	 2049	 63	 0	 0	 0	 -1	
	 64	 2049	 127	 0	 0	 0	 -1	
	 128	 2049	 255	 0	 0	 0	 -1	
	 256	 2049	 511	 0	 0	 0	 -1	
	 512	 2049	 1023	 0	 0	 0	 -1	
	 1024	 2049	 2047	 0	 1	 1	 -1	
Text Length : 4097
	 2	 4097	 3	 0	 0	 0	 -1	
	 4	 4097	 7	 0	 0	 0	 -1	
	 8	 4097	 15	 0	 0	 0	 -1	
	 16	 4097	 31	 0	 0	 0	 -1	
	 32	 4097	 63	 0	 0	 0	 -1	
	 64	 4097	 127	 0	 0	 0	 -1	
	 128	 4097	 255	 0	 0	 0	 -1	
	 256	 4097	 511	 0	 0	 0	 -1	
	 512	 4097	 1023	 0	 0	 0	 -1	
	 1024	 4097	 2047	 0	 1	 1	 -1	
	 2048	 4097	 4095	 0	 1	 1	 -1	
Text Length : 8193
	 2	 8193	 3	 0	 0	 0	 -1	
	 4	 8193	 7	 0	 0	 0	 -1	
	 8	 8193	 15	 0	 0	 0	 -1	
	 16	 8193	 31	 0	 0	 0	 -1	
	 32	 8193	 63	 0	 0	 0	 -1	
	 64	 8193	 127	 0	 0	 0	 -1	
	 128	 8193	 255	 0	 1	 1	 -1	
	 256	 8193	 511	 0	 0	 0	 -1	
	 512	 8193	 1023	 0	 0	 0	 -1	
	 1024	 8193	 2047	 0	 0	 0	 -1	
	 2048	 8193	 4095	 0	 1	 1	 -1	
	 4096	 8193	 8191	 0	 2	 2	 -1	
Text Length : 16385
	 2	 16385	 3	 0	 0	 0	 -1	
	 4	 16385	 7	 0	 0	 0	 -1	
	 8	 16385	 15	 0	 0	 0	 -1	
	 16	 16385	 31	 0	 0	 0	 -1	
	 32	 16385	 63	 0	 0	 0	 -1	
	 64	 16385	 127	 0	 0	 0	 -1	
	 128	 16385	 255	 0	 0	 0	 -1	
	 256	 16385	 511	 0	 0	 0	 -1	
	 512	 16385	 1023	 0	 0	 0	 -1	
	 1024	 16385	 2047	 0	 1	 1	 -1	
	 2048	 16385	 4095	 0	 1	 1	 -1	
	 4096	 16385	 8191	 0	 2	 2	 -1	
	 8192	 16385	 16383	 0	 4	 4	 -1	
--- CONDITION 4.4 RANDOM ---

	 PATTERN LENGTH	 SEARCH INSPECT TIMES	 CONSTRUCT INSPECT TIMES	 SEARCH TIME(ms)	 CONSTRUCT TIME(ms)	 TOTAL TIME(ms)	 FOUND POSITION	
Text Length : 2
	 2	 2	 3	 0	 0	 0	 0	
Text Length : 4
	 2	 4	 3	 0	 0	 0	 -1	
	 4	 4	 7	 0	 0	 0	 -1	
Text Length : 8
	 2	 8	 3	 0	 0	 0	 -1	
	 4	 4	 7	 0	 0	 0	 0	
	 8	 8	 15	 0	 0	 0	 -1	
Text Length : 16
	 2	 16	 3	 0	 0	 0	 -1	
	 4	 16	 7	 0	 0	 0	 -1	
	 8	 16	 15	 0	 0	 0	 -1	
	 16	 16	 31	 0	 0	 0	 -1	
Text Length : 32
	 2	 2	 3	 0	 0	 0	 0	
	 4	 32	 7	 0	 0	 0	 -1	
	 8	 32	 15	 0	 0	 0	 -1	
	 16	 32	 31	 0	 0	 0	 -1	
	 32	 32	 63	 0	 0	 0	 -1	
Text Length : 64
	 2	 64	 3	 0	 0	 0	 -1	
	 4	 64	 7	 0	 0	 0	 -1	
	 8	 64	 15	 0	 0	 0	 -1	
	 16	 64	 31	 0	 0	 0	 -1	
	 32	 64	 63	 0	 1	 1	 -1	
	 64	 64	 127	 0	 0	 0	 -1	
Text Length : 128
	 2	 2	 3	 0	 0	 0	 0	
	 4	 128	 7	 0	 0	 0	 -1	
	 8	 128	 15	 0	 0	 0	 -1	
	 16	 128	 31	 0	 0	 0	 -1	
	 32	 128	 63	 0	 0	 0	 -1	
	 64	 128	 127	 0	 0	 0	 -1	
	 128	 128	 255	 0	 0	 0	 -1	
Text Length : 256
	 2	 3	 3	 0	 0	 0	 1	
	 4	 256	 7	 0	 0	 0	 -1	
	 8	 256	 15	 0	 0	 0	 -1	
	 16	 256	 31	 0	 0	 0	 -1	
	 32	 256	 63	 0	 0	 0	 -1	
	 64	 256	 127	 0	 0	 0	 -1	
	 128	 256	 255	 0	 0	 0	 -1	
	 256	 256	 511	 0	 0	 0	 -1	
Text Length : 512
	 2	 512	 3	 0	 0	 0	 -1	
	 4	 512	 7	 0	 0	 0	 -1	
	 8	 512	 15	 0	 0	 0	 -1	
	 16	 512	 31	 0	 0	 0	 -1	
	 32	 512	 63	 0	 0	 0	 -1	
	 64	 512	 127	 0	 0	 0	 -1	
	 128	 512	 255	 0	 0	 0	 -1	
	 256	 512	 511	 0	 0	 0	 -1	
	 512	 512	 1023	 0	 0	 0	 -1	
Text Length : 1024
	 2	 1024	 3	 0	 0	 0	 -1	
	 4	 1024	 7	 0	 0	 0	 -1	
	 8	 1024	 15	 0	 0	 0	 -1	
	 16	 1024	 31	 0	 0	 0	 -1	
	 32	 1024	 63	 0	 0	 0	 -1	
	 64	 1024	 127	 0	 0	 0	 -1	
	 128	 1024	 255	 0	 0	 0	 -1	
	 256	 1024	 511	 0	 0	 0	 -1	
	 512	 1024	 1023	 0	 0	 0	 -1	
	 1024	 1024	 2047	 0	 0	 0	 -1	
Text Length : 2048
	 2	 2	 3	 0	 0	 0	 0	
	 4	 2048	 7	 0	 0	 0	 -1	
	 8	 2048	 15	 0	 1	 1	 -1	
	 16	 2048	 31	 0	 0	 0	 -1	
	 32	 2048	 63	 0	 0	 0	 -1	
	 64	 2048	 127	 0	 0	 0	 -1	
	 128	 2048	 255	 0	 0	 0	 -1	
	 256	 2048	 511	 0	 0	 0	 -1	
	 512	 2048	 1023	 0	 0	 0	 -1	
	 1024	 2048	 2047	 0	 0	 0	 -1	
	 2048	 2048	 4095	 0	 1	 1	 -1	
Text Length : 4096
	 2	 2	 3	 0	 0	 0	 0	
	 4	 5	 7	 0	 0	 0	 1	
	 8	 8	 15	 0	 0	 0	 0	
	 16	 4096	 31	 0	 0	 0	 -1	
	 32	 4096	 63	 0	 0	 0	 -1	
	 64	 4096	 127	 0	 0	 0	 -1	
	 128	 4096	 255	 0	 1	 1	 -1	
	 256	 4096	 511	 0	 0	 0	 -1	
	 512	 4096	 1023	 0	 0	 0	 -1	
	 1024	 4096	 2047	 0	 0	 0	 -1	
	 2048	 4096	 4095	 0	 1	 1	 -1	
	 4096	 4096	 8191	 0	 2	 2	 -1	
Text Length : 8192
	 2	 2	 3	 0	 0	 0	 0	
	 4	 8192	 7	 0	 0	 0	 -1	
	 8	 8192	 15	 0	 0	 0	 -1	
	 16	 8192	 31	 0	 0	 0	 -1	
	 32	 8192	 63	 0	 0	 0	 -1	
	 64	 8192	 127	 0	 0	 0	 -1	
	 128	 8192	 255	 0	 0	 0	 -1	
	 256	 8192	 511	 0	 1	 1	 -1	
	 512	 8192	 1023	 0	 0	 0	 -1	
	 1024	 8192	 2047	 0	 0	 0	 -1	
	 2048	 8192	 4095	 0	 1	 1	 -1	
	 4096	 8192	 8191	 0	 2	 2	 -1	
	 8192	 8192	 16383	 0	 5	 5	 -1	
--- CONDITION 4.5 FIND ABB in ABABAB ---

	 PATTERN LENGTH	 SEARCH INSPECT TIMES	 CONSTRUCT INSPECT TIMES	 SEARCH TIME(ms)	 CONSTRUCT TIME(ms)	 TOTAL TIME(ms)	 FOUND POSITION	
Text Length : 5
	 3	 5	 5	 0	 0	 0	 -1	
Text Length : 7
	 3	 7	 5	 0	 0	 0	 -1	
Text Length : 11
	 3	 11	 5	 0	 0	 0	 -1	
Text Length : 19
	 3	 19	 5	 0	 0	 0	 -1	
Text Length : 35
	 3	 35	 5	 0	 0	 0	 -1	
Text Length : 67
	 3	 67	 5	 0	 0	 0	 -1	
Text Length : 131
	 3	 131	 5	 0	 0	 0	 -1	
Text Length : 259
	 3	 259	 5	 0	 0	 0	 -1	
Text Length : 515
	 3	 515	 5	 0	 0	 0	 -1	
Text Length : 1027
	 3	 1027	 5	 0	 0	 0	 -1	
Text Length : 2051
	 3	 2051	 5	 0	 0	 0	 -1	
Text Length : 4099
	 3	 4099	 5	 0	 0	 0	 -1	
Text Length : 8195
	 3	 8195	 5	 0	 0	 0	 -1	
