	 PATTERN LENGTH	 SEARCH INSPECT TIMES	 CONSTRUCT INSPECT TIMES	 SEARCH TIME(ms)	 CONSTRUCT TIME(ms)	 TOTAL TIME(ms)	 FOUND POSITION	
Length of text: 1024
	 1024	 1	 0	 0	 0	 0	 -1	
Length of text: 2048
	 1024	 5175	 0	 0	 0	 0	 -1	
	 2048	 9	 0	 0	 0	 0	 -1	
Length of text: 4096
	 1024	 15465	 0	 0	 0	 0	 -1	
	 2048	 10265	 0	 0	 0	 0	 -1	
	 4096	 1	 0	 0	 0	 0	 -1	
Length of text: 8192
	 1024	 35995	 0	 0	 0	 0	 -1	
	 2048	 30741	 0	 0	 0	 0	 -1	
	 4096	 20285	 0	 0	 0	 0	 -1	
	 8192	 1	 0	 0	 0	 0	 -1	
Length of text: 16384
	 1024	 76875	 0	 0	 0	 0	 -1	
	 2048	 71485	 0	 0	 0	 0	 -1	
	 4096	 61117	 0	 0	 0	 0	 -1	
	 8192	 41571	 0	 0	 0	 0	 -1	
	 16384	 1	 0	 0	 0	 0	 -1	
Length of text: 32768
	 1024	 158373	 0	 0	 0	 0	 -1	
	 2048	 153645	 0	 0	 0	 0	 -1	
	 4096	 142567	 0	 0	 0	 0	 -1	
	 8192	 122511	 0	 1	 0	 1	 -1	
	 16384	 81911	 0	 0	 0	 0	 -1	
	 32768	 5	 0	 0	 0	 0	 -1	
Length of text: 65536
	 1024	 321807	 0	 1	 0	 1	 -1	
	 2048	 316875	 0	 1	 0	 1	 -1	
	 4096	 307361	 0	 0	 0	 0	 -1	
	 8192	 287337	 0	 1	 0	 1	 -1	
	 16384	 246645	 0	 0	 0	 0	 -1	
	 32768	 163843	 0	 0	 0	 0	 -1	
	 65536	 1	 0	 0	 0	 0	 -1	
Length of text: 131072
	 1024	 649999	 0	 1	 0	 1	 -1	
	 2048	 644901	 0	 1	 0	 1	 -1	
	 4096	 635013	 0	 1	 0	 1	 -1	
	 8192	 612889	 0	 1	 0	 1	 -1	
	 16384	 575383	 0	 1	 0	 1	 -1	
	 32768	 491511	 0	 1	 0	 1	 -1	
	 65536	 326517	 0	 0	 0	 0	 -1	
	 131072	 5	 0	 0	 0	 0	 -1	
Length of text: 262144
	 1024	 1305189	 0	 2	 0	 2	 -1	
	 2048	 1300527	 0	 2	 0	 2	 -1	
	 4096	 1291561	 0	 2	 0	 2	 -1	
	 8192	 1270695	 0	 2	 0	 2	 -1	
	 16384	 1229253	 0	 2	 0	 2	 -1	
	 32768	 1145735	 0	 2	 0	 2	 -1	
	 65536	 981981	 0	 1	 0	 1	 -1	
	 131072	 656305	 0	 1	 0	 1	 -1	
	 262144	 1	 0	 0	 0	 0	 -1	
Length of text: 524288
	 1024	 2618561	 0	 4	 0	 4	 -1	
	 2048	 2611115	 0	 3	 0	 3	 -1	
	 4096	 2601591	 0	 4	 0	 4	 -1	
	 8192	 2577099	 0	 4	 0	 4	 -1	
	 16384	 2534891	 0	 4	 0	 4	 -1	
	 32768	 2460391	 0	 4	 0	 4	 -1	
	 65536	 2294133	 0	 4	 0	 4	 -1	
	 131072	 1972149	 0	 3	 0	 3	 -1	
	 262144	 1304861	 0	 3	 0	 3	 -1	
	 524288	 1	 0	 1	 0	 1	 -1	
Length of text: 1048576
	 1024	 5241595	 0	 8	 0	 8	 -1	
	 2048	 5235969	 0	 9	 0	 9	 -1	
	 4096	 5227203	 0	 9	 0	 9	 -1	
	 8192	 5201867	 0	 9	 0	 9	 -1	
	 16384	 5163071	 0	 9	 0	 9	 -1	
	 32768	 5078635	 0	 9	 0	 9	 -1	
	 65536	 4915333	 0	 8	 0	 8	 -1	
	 131072	 4592143	 0	 8	 0	 8	 -1	
	 262144	 3937993	 0	 6	 0	 6	 -1	
	 524288	 2614289	 0	 4	 0	 5	 -1	
	 1048576	 13	 0	 1	 0	 1	 -1	
Length of text: 2097152
	 1024	 10486575	 0	 14	 0	 14	 -1	
	 2048	 10468437	 0	 14	 0	 14	 -1	
	 4096	 10464815	 0	 15	 0	 15	 -1	
	 8192	 10460519	 0	 15	 0	 15	 -1	
	 16384	 10396065	 0	 15	 0	 15	 -1	
	 32768	 10318995	 0	 14	 0	 14	 -1	
	 65536	 10152005	 0	 14	 0	 14	 -1	
	 131072	 9822435	 0	 14	 0	 14	 -1	
	 262144	 9188549	 0	 13	 0	 13	 -1	
	 524288	 7859899	 0	 11	 0	 11	 -1	
	 1048576	 5244477	 0	 8	 0	 8	 -1	
	 2097152	 5	 0	 1	 0	 1	 -1	
Length of text: 4194304
	 1024	 20958779	 0	 29	 0	 29	 -1	
	 2048	 20957201	 0	 28	 0	 28	 -1	
	 4096	 20953335	 0	 29	 0	 29	 -1	
	 8192	 20925749	 0	 30	 0	 30	 -1	
	 16384	 20886759	 0	 29	 0	 29	 -1	
	 32768	 20798027	 0	 29	 0	 29	 -1	
	 65536	 20664479	 0	 30	 0	 30	 -1	
	 131072	 20300475	 0	 29	 0	 29	 -1	
	 262144	 19662865	 0	 31	 0	 31	 -1	
	 524288	 18359151	 0	 32	 0	 32	 -1	
	 1048576	 15716115	 0	 30	 0	 30	 -1	
	 2097152	 10484895	 0	 19	 0	 19	 -1	
	 4194304	 13	 0	 2	 0	 2	 -1	
