	 PATTERN LENGTH	 SEARCH INSPECT TIMES	 CONSTRUCT INSPECT TIMES	 SEARCH TIME(ms)	 CONSTRUCT TIME(ms)	 TOTAL TIME(ms)	 FOUND POSITION	
Length of text: 1024
	 1024	 1	 0	 0	 0	 0	 -1	
Length of text: 2048
	 1024	 5135	 0	 0	 0	 0	 -1	
	 2048	 1	 0	 0	 0	 0	 -1	
Length of text: 4096
	 1024	 15039	 0	 0	 0	 0	 -1	
	 2048	 10303	 0	 0	 0	 0	 -1	
	 4096	 5	 0	 0	 0	 0	 -1	
Length of text: 8192
	 1024	 36617	 0	 1	 0	 1	 -1	
	 2048	 31249	 0	 1	 0	 1	 -1	
	 4096	 19789	 0	 1	 0	 1	 -1	
	 8192	 1	 0	 0	 0	 0	 -1	
Length of text: 16384
	 1024	 76671	 0	 1	 0	 1	 -1	
	 2048	 71803	 0	 0	 0	 0	 -1	
	 4096	 61157	 0	 0	 0	 0	 -1	
	 8192	 41349	 0	 0	 0	 0	 -1	
	 16384	 1	 0	 0	 0	 0	 -1	
Length of text: 32768
	 1024	 159105	 0	 0	 0	 0	 -1	
	 2048	 153313	 0	 0	 0	 0	 -1	
	 4096	 142721	 0	 0	 0	 0	 -1	
	 8192	 123223	 0	 0	 0	 0	 -1	
	 16384	 81449	 0	 1	 0	 1	 -1	
	 32768	 11	 0	 0	 0	 0	 -1	
Length of text: 65536
	 1024	 322425	 0	 1	 0	 1	 -1	
	 2048	 318187	 0	 1	 0	 1	 -1	
	 4096	 307027	 0	 1	 0	 1	 -1	
	 8192	 286633	 0	 1	 0	 1	 -1	
	 16384	 245545	 0	 0	 0	 0	 -1	
	 32768	 163859	 0	 1	 0	 1	 -1	
	 65536	 1	 0	 0	 0	 0	 -1	
Length of text: 131072
	 1024	 650247	 0	 1	 0	 1	 -1	
	 2048	 644393	 0	 1	 0	 1	 -1	
	 4096	 634925	 0	 1	 0	 1	 -1	
	 8192	 614893	 0	 1	 0	 1	 -1	
	 16384	 573137	 0	 1	 0	 1	 -1	
	 32768	 490669	 0	 1	 0	 1	 -1	
	 65536	 327999	 0	 0	 0	 0	 -1	
	 131072	 5	 0	 0	 0	 0	 -1	
Length of text: 262144
	 1024	 1306029	 0	 2	 0	 2	 -1	
	 2048	 1299713	 0	 2	 0	 2	 -1	
	 4096	 1291769	 0	 2	 0	 2	 -1	
	 8192	 1270935	 0	 3	 0	 3	 -1	
	 16384	 1228155	 0	 2	 0	 2	 -1	
	 32768	 1146591	 0	 2	 0	 2	 -1	
	 65536	 980545	 0	 2	 0	 2	 -1	
	 131072	 655233	 0	 1	 0	 1	 -1	
	 262144	 13	 0	 0	 0	 0	 -1	
Length of text: 524288
	 1024	 2616193	 0	 4	 0	 4	 -1	
	 2048	 2614719	 0	 4	 0	 4	 -1	
	 4096	 2601233	 0	 4	 0	 4	 -1	
	 8192	 2581121	 0	 4	 0	 4	 -1	
	 16384	 2540419	 0	 3	 0	 3	 -1	
	 32768	 2460603	 0	 4	 0	 4	 -1	
	 65536	 2292851	 0	 3	 0	 3	 -1	
	 131072	 1969347	 0	 3	 0	 3	 -1	
	 262144	 1310107	 0	 2	 0	 2	 -1	
	 524288	 1	 0	 0	 0	 0	 -1	
Length of text: 1048576
	 1024	 5236333	 0	 8	 0	 8	 -1	
	 2048	 5232933	 0	 8	 0	 8	 -1	
	 4096	 5222075	 0	 7	 0	 7	 -1	
	 8192	 5202151	 0	 10	 0	 10	 -1	
	 16384	 5161411	 0	 7	 0	 7	 -1	
	 32768	 5078697	 0	 7	 0	 7	 -1	
	 65536	 4915313	 0	 7	 0	 7	 -1	
	 131072	 4587819	 0	 7	 0	 7	 -1	
	 262144	 3937363	 0	 5	 0	 5	 -1	
	 524288	 2618417	 0	 4	 0	 4	 -1	
	 1048576	 9	 0	 1	 0	 1	 -1	
Length of text: 2097152
	 1024	 10474665	 0	 15	 0	 15	 -1	
	 2048	 10462983	 0	 15	 0	 15	 -1	
	 4096	 10477701	 0	 15	 0	 15	 -1	
	 8192	 10434343	 0	 17	 0	 17	 -1	
	 16384	 10394389	 0	 15	 0	 15	 -1	
	 32768	 10313947	 0	 16	 0	 16	 -1	
	 65536	 10156187	 0	 16	 0	 16	 -1	
	 131072	 9842567	 0	 14	 0	 14	 -1	
	 262144	 9182443	 0	 13	 0	 13	 -1	
	 524288	 7859343	 0	 11	 0	 11	 -1	
	 1048576	 5249297	 0	 8	 0	 8	 -1	
	 2097152	 15	 0	 1	 0	 1	 -1	
Length of text: 4194304
	 1024	 20964357	 0	 29	 0	 29	 -1	
	 2048	 20957389	 0	 30	 0	 30	 -1	
	 4096	 20947793	 0	 30	 0	 30	 -1	
	 8192	 20932967	 0	 29	 0	 29	 -1	
	 16384	 20894803	 0	 29	 0	 29	 -1	
	 32768	 20808031	 0	 30	 0	 30	 -1	
	 65536	 20642727	 0	 29	 0	 29	 -1	
	 131072	 20317387	 0	 28	 0	 28	 -1	
	 262144	 19663571	 0	 28	 0	 28	 -1	
	 524288	 18352033	 0	 26	 0	 26	 -1	
	 1048576	 15721363	 0	 23	 0	 23	 -1	
	 2097152	 10483913	 0	 16	 0	 16	 -1	
	 4194304	 7	 0	 2	 0	 2	 -1	
