	 PATTERN LENGTH	 SEARCH INSPECT TIMES	 CONSTRUCT INSPECT TIMES	 SEARCH TIME(ms)	 CONSTRUCT TIME(ms)	 TOTAL TIME(ms)	 FOUND POSITION	
Length of text: 1024
	 1024	 1	 0	 0	 0	 0	 -1	
Length of text: 2048
	 1024	 5075	 0	 0	 0	 0	 -1	
	 2048	 7	 0	 0	 0	 0	 -1	
Length of text: 4096
	 1024	 15567	 0	 0	 0	 0	 -1	
	 2048	 10497	 0	 0	 0	 0	 -1	
	 4096	 1	 0	 0	 0	 0	 -1	
Length of text: 8192
	 1024	 36417	 0	 0	 0	 0	 -1	
	 2048	 31215	 0	 0	 0	 0	 -1	
	 4096	 21033	 0	 0	 0	 0	 -1	
	 8192	 1	 0	 0	 0	 0	 -1	
Length of text: 16384
	 1024	 76431	 0	 1	 0	 1	 -1	
	 2048	 72253	 0	 0	 0	 0	 -1	
	 4096	 60243	 0	 0	 0	 0	 -1	
	 8192	 41899	 0	 0	 0	 0	 -1	
	 16384	 5	 0	 0	 0	 0	 -1	
Length of text: 32768
	 1024	 159367	 0	 1	 0	 1	 -1	
	 2048	 152963	 0	 0	 0	 0	 -1	
	 4096	 143717	 0	 0	 0	 0	 -1	
	 8192	 122515	 0	 0	 0	 0	 -1	
	 16384	 82351	 0	 0	 0	 0	 -1	
	 32768	 7	 0	 0	 0	 0	 -1	
Length of text: 65536
	 1024	 322557	 0	 0	 0	 0	 -1	
	 2048	 316607	 0	 0	 0	 0	 -1	
	 4096	 307013	 0	 1	 0	 1	 -1	
	 8192	 286195	 0	 1	 0	 1	 -1	
	 16384	 245765	 0	 0	 0	 0	 -1	
	 32768	 163927	 0	 0	 0	 0	 -1	
	 65536	 1	 0	 0	 0	 0	 -1	
Length of text: 131072
	 1024	 651439	 0	 1	 0	 1	 -1	
	 2048	 648243	 0	 2	 0	 2	 -1	
	 4096	 632705	 0	 1	 0	 1	 -1	
	 8192	 614995	 0	 1	 0	 1	 -1	
	 16384	 575855	 0	 1	 0	 1	 -1	
	 32768	 494419	 0	 0	 0	 0	 -1	
	 65536	 324795	 0	 1	 0	 1	 -1	
	 131072	 5	 0	 0	 0	 0	 -1	
Length of text: 262144
	 1024	 1305755	 0	 2	 0	 2	 -1	
	 2048	 1298131	 0	 1	 0	 1	 -1	
	 4096	 1291137	 0	 2	 0	 2	 -1	
	 8192	 1271443	 0	 2	 0	 2	 -1	
	 16384	 1230481	 0	 1	 0	 1	 -1	
	 32768	 1146911	 0	 1	 0	 1	 -1	
	 65536	 983073	 0	 1	 0	 1	 -1	
	 131072	 656115	 0	 1	 0	 1	 -1	
	 262144	 1	 0	 0	 0	 0	 -1	
Length of text: 524288
	 1024	 2616041	 0	 4	 0	 4	 -1	
	 2048	 2610729	 0	 4	 0	 4	 -1	
	 4096	 2603007	 0	 4	 0	 4	 -1	
	 8192	 2578707	 0	 5	 0	 5	 -1	
	 16384	 2539523	 0	 4	 0	 4	 -1	
	 32768	 2457115	 0	 4	 0	 4	 -1	
	 65536	 2294817	 0	 3	 0	 3	 -1	
	 131072	 1964773	 0	 4	 0	 4	 -1	
	 262144	 1309949	 0	 3	 0	 3	 -1	
	 524288	 1	 0	 0	 0	 0	 -1	
Length of text: 1048576
	 1024	 5237885	 0	 9	 0	 9	 -1	
	 2048	 5233029	 0	 10	 0	 10	 -1	
	 4096	 5220361	 0	 9	 0	 9	 -1	
	 8192	 5199919	 0	 9	 0	 9	 -1	
	 16384	 5161673	 0	 9	 0	 9	 -1	
	 32768	 5077045	 0	 8	 0	 8	 -1	
	 65536	 4914545	 0	 7	 0	 7	 -1	
	 131072	 4586201	 0	 7	 0	 7	 -1	
	 262144	 3933137	 0	 7	 0	 7	 -1	
	 524288	 2623421	 0	 4	 0	 4	 -1	
	 1048576	 7	 0	 0	 0	 0	 -1	
Length of text: 2097152
	 1024	 10479579	 0	 15	 0	 15	 -1	
	 2048	 10475941	 0	 15	 0	 15	 -1	
	 4096	 10467369	 0	 15	 0	 15	 -1	
	 8192	 10443197	 0	 15	 0	 15	 -1	
	 16384	 10402213	 0	 15	 0	 15	 -1	
	 32768	 10325595	 0	 14	 0	 14	 -1	
	 65536	 10155725	 0	 14	 0	 14	 -1	
	 131072	 9825391	 0	 14	 0	 14	 -1	
	 262144	 9172199	 0	 13	 0	 13	 -1	
	 524288	 7862435	 0	 11	 0	 11	 -1	
	 1048576	 5238233	 0	 7	 0	 7	 -1	
	 2097152	 1	 0	 1	 0	 1	 -1	
Length of text: 4194304
	 1024	 20964719	 0	 32	 0	 32	 -1	
	 2048	 20966435	 0	 32	 0	 32	 -1	
	 4096	 20945055	 0	 32	 0	 32	 -1	
	 8192	 20931711	 0	 34	 0	 34	 -1	
	 16384	 20887755	 0	 35	 0	 35	 -1	
	 32768	 20805793	 0	 36	 0	 36	 -1	
	 65536	 20643235	 0	 34	 0	 34	 -1	
	 131072	 20312629	 0	 38	 0	 38	 -1	
	 262144	 19652075	 0	 36	 0	 36	 -1	
	 524288	 18351043	 0	 30	 0	 30	 -1	
	 1048576	 15731937	 0	 27	 0	 27	 -1	
	 2097152	 10486255	 0	 18	 0	 18	 -1	
	 4194304	 1	 0	 1	 0	 1	 -1	
