	 PATTERN LENGTH	 SEARCH INSPECT TIMES	 CONSTRUCT INSPECT TIMES	 SEARCH TIME(ms)	 CONSTRUCT TIME(ms)	 TOTAL TIME(ms)	 FOUND POSITION	
Length of text: 1024
	 1024	 4217	 0	 0	 0	 0	 -1	
Length of text: 2048
	 1024	 8247	 0	 0	 0	 0	 -1	
	 2048	 8735	 0	 1	 0	 1	 -1	
Length of text: 4096
	 1024	 16135	 0	 1	 0	 1	 -1	
	 2048	 16447	 0	 1	 0	 1	 -1	
	 4096	 16423	 0	 1	 0	 1	 -1	
Length of text: 8192
	 1024	 33305	 0	 1	 0	 1	 -1	
	 2048	 33149	 0	 1	 0	 1	 -1	
	 4096	 31939	 0	 0	 0	 0	 -1	
	 8192	 32387	 0	 1	 0	 1	 -1	
Length of text: 16384
	 1024	 65361	 0	 0	 0	 0	 -1	
	 2048	 65589	 0	 0	 0	 0	 -1	
	 4096	 65361	 0	 0	 0	 0	 -1	
	 8192	 65773	 0	 0	 0	 0	 -1	
	 16384	 65357	 0	 0	 0	 0	 -1	
Length of text: 32768
	 1024	 131377	 0	 0	 0	 0	 -1	
	 2048	 130927	 0	 0	 0	 0	 -1	
	 4096	 130557	 0	 0	 0	 0	 -1	
	 8192	 131315	 0	 0	 0	 0	 -1	
	 16384	 130805	 0	 0	 0	 0	 -1	
	 32768	 131023	 0	 0	 0	 0	 -1	
Length of text: 65536
	 1024	 261865	 0	 0	 0	 0	 -1	
	 2048	 262985	 0	 0	 0	 0	 -1	
	 4096	 262233	 0	 0	 0	 0	 -1	
	 8192	 261799	 0	 0	 0	 0	 -1	
	 16384	 262275	 0	 0	 0	 0	 -1	
	 32768	 261449	 0	 0	 0	 0	 -1	
	 65536	 262233	 0	 0	 0	 0	 -1	
Length of text: 131072
	 1024	 524117	 0	 1	 0	 1	 -1	
	 2048	 523619	 0	 1	 0	 1	 -1	
	 4096	 524447	 0	 0	 0	 0	 -1	
	 8192	 524637	 0	 1	 0	 1	 -1	
	 16384	 523755	 0	 1	 0	 1	 -1	
	 32768	 523811	 0	 1	 0	 1	 -1	
	 65536	 524377	 0	 0	 0	 0	 -1	
	 131072	 524229	 0	 1	 0	 1	 -1	
Length of text: 262144
	 1024	 1048963	 0	 2	 0	 2	 -1	
	 2048	 1048005	 0	 2	 0	 2	 -1	
	 4096	 1050033	 0	 2	 0	 2	 -1	
	 8192	 1050021	 0	 2	 0	 2	 -1	
	 16384	 1048479	 0	 2	 0	 2	 -1	
	 32768	 1048035	 0	 2	 0	 2	 -1	
	 65536	 1047411	 0	 2	 0	 2	 -1	
	 131072	 1048737	 0	 3	 0	 3	 -1	
	 262144	 1047295	 0	 2	 0	 2	 -1	
Length of text: 524288
	 1024	 2097077	 0	 3	 0	 3	 -1	
	 2048	 2100425	 0	 3	 0	 3	 -1	
	 4096	 2097443	 0	 3	 0	 3	 -1	
	 8192	 2097639	 0	 3	 0	 3	 -1	
	 16384	 2098353	 0	 3	 0	 3	 -1	
	 32768	 2100865	 0	 3	 0	 3	 -1	
	 65536	 2094889	 0	 3	 0	 3	 -1	
	 131072	 2101063	 0	 3	 0	 3	 -1	
	 262144	 2096087	 0	 3	 0	 3	 -1	
	 524288	 2100119	 0	 3	 0	 3	 -1	
Length of text: 1048576
	 1024	 4192949	 0	 6	 0	 6	 -1	
	 2048	 4194751	 0	 6	 0	 6	 -1	
	 4096	 4194201	 0	 7	 0	 7	 -1	
	 8192	 4194125	 0	 7	 0	 7	 -1	
	 16384	 4194549	 0	 6	 0	 6	 -1	
	 32768	 4193045	 0	 7	 0	 7	 -1	
	 65536	 4193641	 0	 6	 0	 6	 -1	
	 131072	 4194753	 0	 6	 0	 6	 -1	
	 262144	 4194957	 0	 7	 0	 7	 -1	
	 524288	 4193895	 0	 6	 0	 6	 -1	
	 1048576	 4195381	 0	 6	 0	 6	 -1	
Length of text: 2097152
	 1024	 8385353	 0	 13	 0	 13	 -1	
	 2048	 8378729	 0	 12	 0	 12	 -1	
	 4096	 8398211	 0	 13	 0	 13	 -1	
	 8192	 8380633	 0	 18	 0	 18	 -1	
	 16384	 8381271	 0	 12	 0	 12	 -1	
	 32768	 8381631	 0	 13	 0	 13	 -1	
	 65536	 8389281	 0	 86	 0	 86	 -1	
	 131072	 8401243	 0	 13	 0	 13	 -1	
	 262144	 8398015	 0	 12	 0	 12	 -1	
	 524288	 8379965	 0	 13	 0	 13	 -1	
	 1048576	 8401259	 0	 13	 0	 13	 -1	
	 2097152	 8380585	 0	 13	 0	 13	 -1	
Length of text: 4194304
	 1024	 16775913	 0	 25	 0	 25	 -1	
	 2048	 16773981	 0	 25	 0	 25	 -1	
	 4096	 16774675	 0	 25	 0	 25	 -1	
	 8192	 16778821	 0	 25	 0	 25	 -1	
	 16384	 16781825	 0	 25	 0	 25	 -1	
	 32768	 16777647	 0	 25	 0	 25	 -1	
	 65536	 16775603	 0	 25	 0	 25	 -1	
	 131072	 16777119	 0	 24	 0	 24	 -1	
	 262144	 16776703	 0	 25	 0	 25	 -1	
	 524288	 16782557	 0	 26	 0	 26	 -1	
	 1048576	 16773777	 0	 25	 0	 25	 -1	
	 2097152	 16782965	 0	 25	 0	 25	 -1	
	 4194304	 16774805	 0	 26	 0	 26	 -1	
