	 PATTERN LENGTH	 SEARCH INSPECT TIMES	 CONSTRUCT INSPECT TIMES	 SEARCH TIME(ms)	 CONSTRUCT TIME(ms)	 TOTAL TIME(ms)	 FOUND POSITION	
Length of text: 1024
	 1024	 4047	 0	 0	 0	 0	 -1	
Length of text: 2048
	 1024	 8305	 0	 0	 0	 0	 -1	
	 2048	 8255	 0	 0	 0	 0	 -1	
Length of text: 4096
	 1024	 16473	 0	 0	 0	 0	 -1	
	 2048	 16481	 0	 0	 0	 0	 -1	
	 4096	 16047	 0	 0	 0	 0	 -1	
Length of text: 8192
	 1024	 33395	 0	 0	 0	 0	 -1	
	 2048	 33379	 0	 0	 0	 0	 -1	
	 4096	 33261	 0	 0	 0	 0	 -1	
	 8192	 32049	 0	 0	 0	 0	 -1	
Length of text: 16384
	 1024	 65443	 0	 0	 0	 0	 -1	
	 2048	 66013	 0	 0	 0	 0	 -1	
	 4096	 64291	 0	 0	 0	 0	 -1	
	 8192	 66145	 0	 0	 0	 0	 -1	
	 16384	 66099	 0	 0	 0	 0	 -1	
Length of text: 32768
	 1024	 131735	 0	 0	 0	 0	 -1	
	 2048	 130445	 0	 0	 0	 0	 -1	
	 4096	 131365	 0	 1	 0	 1	 -1	
	 8192	 130707	 0	 0	 0	 0	 -1	
	 16384	 131141	 0	 0	 0	 0	 -1	
	 32768	 131381	 0	 1	 0	 1	 -1	
Length of text: 65536
	 1024	 262073	 0	 1	 0	 1	 -1	
	 2048	 261353	 0	 1	 0	 1	 -1	
	 4096	 261795	 0	 0	 0	 0	 -1	
	 8192	 261631	 0	 0	 0	 0	 -1	
	 16384	 262017	 0	 1	 0	 1	 -1	
	 32768	 262031	 0	 1	 0	 1	 -1	
	 65536	 260997	 0	 0	 0	 0	 -1	
Length of text: 131072
	 1024	 524625	 0	 1	 0	 1	 -1	
	 2048	 526685	 0	 0	 0	 0	 -1	
	 4096	 522977	 0	 1	 0	 1	 -1	
	 8192	 523927	 0	 1	 0	 1	 -1	
	 16384	 526125	 0	 1	 0	 1	 -1	
	 32768	 526333	 0	 1	 0	 1	 -1	
	 65536	 521025	 0	 1	 0	 1	 -1	
	 131072	 524503	 0	 1	 0	 1	 -1	
Length of text: 262144
	 1024	 1048967	 0	 1	 0	 1	 -1	
	 2048	 1046459	 0	 2	 0	 2	 -1	
	 4096	 1049129	 0	 1	 0	 1	 -1	
	 8192	 1049787	 0	 1	 0	 1	 -1	
	 16384	 1050115	 0	 2	 0	 2	 -1	
	 32768	 1049275	 0	 2	 0	 2	 -1	
	 65536	 1047541	 0	 2	 0	 2	 -1	
	 131072	 1048099	 0	 1	 0	 1	 -1	
	 262144	 1048865	 0	 2	 0	 2	 -1	
Length of text: 524288
	 1024	 2096933	 0	 3	 0	 3	 -1	
	 2048	 2096863	 0	 4	 0	 4	 -1	
	 4096	 2099041	 0	 4	 0	 4	 -1	
	 8192	 2095605	 0	 2	 0	 2	 -1	
	 16384	 2096385	 0	 3	 0	 3	 -1	
	 32768	 2097391	 0	 3	 0	 3	 -1	
	 65536	 2097943	 0	 4	 0	 4	 -1	
	 131072	 2096905	 0	 4	 0	 4	 -1	
	 262144	 2097957	 0	 4	 0	 4	 -1	
	 524288	 2097393	 0	 5	 0	 5	 -1	
Length of text: 1048576
	 1024	 4194055	 0	 8	 0	 8	 -1	
	 2048	 4194267	 0	 7	 0	 7	 -1	
	 4096	 4192715	 0	 8	 0	 8	 -1	
	 8192	 4192739	 0	 7	 0	 7	 -1	
	 16384	 4195061	 0	 7	 0	 7	 -1	
	 32768	 4192919	 0	 7	 0	 7	 -1	
	 65536	 4192897	 0	 7	 0	 7	 -1	
	 131072	 4192885	 0	 7	 0	 7	 -1	
	 262144	 4195947	 0	 7	 0	 7	 -1	
	 524288	 4196793	 0	 6	 0	 6	 -1	
	 1048576	 4190617	 0	 7	 0	 7	 -1	
Length of text: 2097152
	 1024	 8387725	 0	 12	 0	 12	 -1	
	 2048	 8389345	 0	 12	 0	 12	 -1	
	 4096	 8390557	 0	 13	 0	 13	 -1	
	 8192	 8386777	 0	 12	 0	 12	 -1	
	 16384	 8387575	 0	 15	 0	 15	 -1	
	 32768	 8392349	 0	 13	 0	 13	 -1	
	 65536	 8386313	 0	 12	 0	 12	 -1	
	 131072	 8383701	 0	 13	 0	 13	 -1	
	 262144	 8384937	 0	 13	 0	 13	 -1	
	 524288	 8391929	 0	 13	 0	 13	 -1	
	 1048576	 8391613	 0	 13	 0	 13	 -1	
	 2097152	 8392543	 0	 15	 0	 15	 -1	
Length of text: 4194304
	 1024	 16775679	 0	 27	 0	 27	 -1	
	 2048	 16782041	 0	 27	 0	 27	 -1	
	 4096	 16771707	 0	 27	 0	 27	 -1	
	 8192	 16778699	 0	 30	 0	 30	 -1	
	 16384	 16775583	 0	 29	 0	 29	 -1	
	 32768	 16775449	 0	 30	 0	 30	 -1	
	 65536	 16777653	 0	 30	 0	 30	 -1	
	 131072	 16774379	 0	 32	 0	 32	 -1	
	 262144	 16768725	 0	 31	 0	 31	 -1	
	 524288	 16777663	 0	 30	 0	 30	 -1	
	 1048576	 16777455	 0	 30	 0	 30	 -1	
	 2097152	 16779407	 0	 29	 0	 29	 -1	
	 4194304	 16780777	 0	 30	 0	 30	 -1	
