	 PATTERN LENGTH	 SEARCH INSPECT TIMES	 CONSTRUCT INSPECT TIMES	 SEARCH TIME(ms)	 CONSTRUCT TIME(ms)	 TOTAL TIME(ms)	 FOUND POSITION	
Length of text: 1024
	 1024	 4071	 0	 0	 0	 0	 -1	
Length of text: 2048
	 1024	 8159	 0	 0	 0	 0	 -1	
	 2048	 8195	 0	 0	 0	 0	 -1	
Length of text: 4096
	 1024	 16531	 0	 0	 0	 0	 -1	
	 2048	 16281	 0	 0	 0	 0	 -1	
	 4096	 16389	 0	 0	 0	 0	 -1	
Length of text: 8192
	 1024	 32953	 0	 0	 0	 0	 -1	
	 2048	 32667	 0	 0	 0	 0	 -1	
	 4096	 32597	 0	 0	 0	 0	 -1	
	 8192	 32495	 0	 0	 0	 0	 -1	
Length of text: 16384
	 1024	 65649	 0	 0	 0	 0	 -1	
	 2048	 65405	 0	 0	 0	 0	 -1	
	 4096	 65505	 0	 0	 0	 0	 -1	
	 8192	 66099	 0	 0	 0	 0	 -1	
	 16384	 65397	 0	 0	 0	 0	 -1	
Length of text: 32768
	 1024	 130719	 0	 0	 0	 0	 -1	
	 2048	 130989	 0	 0	 0	 0	 -1	
	 4096	 130183	 0	 0	 0	 0	 -1	
	 8192	 130583	 0	 0	 0	 0	 -1	
	 16384	 130975	 0	 0	 0	 0	 -1	
	 32768	 131771	 0	 0	 0	 0	 -1	
Length of text: 65536
	 1024	 261593	 0	 0	 0	 0	 -1	
	 2048	 261829	 0	 0	 0	 0	 -1	
	 4096	 262137	 0	 1	 0	 1	 -1	
	 8192	 262663	 0	 0	 0	 0	 -1	
	 16384	 263095	 0	 1	 0	 1	 -1	
	 32768	 262169	 0	 1	 0	 1	 -1	
	 65536	 261481	 0	 1	 0	 1	 -1	
Length of text: 131072
	 1024	 524223	 0	 1	 0	 1	 -1	
	 2048	 524291	 0	 1	 0	 1	 -1	
	 4096	 524753	 0	 0	 0	 0	 -1	
	 8192	 523545	 0	 1	 0	 1	 -1	
	 16384	 525623	 0	 1	 0	 1	 -1	
	 32768	 523293	 0	 0	 0	 0	 -1	
	 65536	 523129	 0	 1	 0	 1	 -1	
	 131072	 524261	 0	 1	 0	 1	 -1	
Length of text: 262144
	 1024	 1048101	 0	 2	 0	 2	 -1	
	 2048	 1048663	 0	 1	 0	 1	 -1	
	 4096	 1049551	 0	 2	 0	 2	 -1	
	 8192	 1049495	 0	 1	 0	 1	 -1	
	 16384	 1048687	 0	 1	 0	 1	 -1	
	 32768	 1050041	 0	 1	 0	 1	 -1	
	 65536	 1048023	 0	 2	 0	 2	 -1	
	 131072	 1049043	 0	 2	 0	 2	 -1	
	 262144	 1047995	 0	 2	 0	 2	 -1	
Length of text: 524288
	 1024	 2098543	 0	 3	 0	 3	 -1	
	 2048	 2098043	 0	 4	 0	 4	 -1	
	 4096	 2096717	 0	 3	 0	 3	 -1	
	 8192	 2094515	 0	 4	 0	 4	 -1	
	 16384	 2093209	 0	 4	 0	 4	 -1	
	 32768	 2099651	 0	 4	 0	 4	 -1	
	 65536	 2096489	 0	 3	 0	 3	 -1	
	 131072	 2102543	 0	 4	 0	 4	 -1	
	 262144	 2094139	 0	 3	 0	 3	 -1	
	 524288	 2096361	 0	 4	 0	 4	 -1	
Length of text: 1048576
	 1024	 4196889	 0	 8	 0	 8	 -1	
	 2048	 4196281	 0	 7	 0	 7	 -1	
	 4096	 4198043	 0	 8	 0	 8	 -1	
	 8192	 4195773	 0	 7	 0	 7	 -1	
	 16384	 4194961	 0	 7	 0	 7	 -1	
	 32768	 4195849	 0	 7	 0	 7	 -1	
	 65536	 4196177	 0	 7	 0	 7	 -1	
	 131072	 4196991	 0	 7	 0	 7	 -1	
	 262144	 4199049	 0	 7	 0	 7	 -1	
	 524288	 4190385	 0	 8	 0	 8	 -1	
	 1048576	 4194161	 0	 8	 0	 8	 -1	
Length of text: 2097152
	 1024	 8392643	 0	 13	 0	 13	 -1	
	 2048	 8383291	 0	 13	 0	 13	 -1	
	 4096	 8386383	 0	 13	 0	 13	 -1	
	 8192	 8402421	 0	 12	 0	 12	 -1	
	 16384	 8382377	 0	 12	 0	 12	 -1	
	 32768	 8384513	 0	 13	 0	 13	 -1	
	 65536	 8382943	 0	 13	 0	 13	 -1	
	 131072	 8381359	 0	 14	 0	 14	 -1	
	 262144	 8399715	 0	 12	 0	 12	 -1	
	 524288	 8382977	 0	 12	 0	 12	 -1	
	 1048576	 8390155	 0	 12	 0	 12	 -1	
	 2097152	 8383131	 0	 16	 0	 16	 -1	
Length of text: 4194304
	 1024	 16767279	 0	 26	 0	 26	 -1	
	 2048	 16770811	 0	 25	 0	 25	 -1	
	 4096	 16777037	 0	 25	 0	 25	 -1	
	 8192	 16769933	 0	 26	 0	 26	 -1	
	 16384	 16772379	 0	 26	 0	 26	 -1	
	 32768	 16770199	 0	 25	 0	 25	 -1	
	 65536	 16793229	 0	 25	 0	 25	 -1	
	 131072	 16765401	 0	 26	 0	 26	 -1	
	 262144	 16777149	 0	 28	 0	 28	 -1	
	 524288	 16787009	 0	 30	 0	 30	 -1	
	 1048576	 16765247	 0	 35	 0	 35	 -1	
	 2097152	 16774639	 0	 33	 0	 33	 -1	
	 4194304	 16776399	 0	 27	 0	 27	 -1	
