	 PATTERN LENGTH	 SEARCH INSPECT TIMES	 CONSTRUCT INSPECT TIMES	 SEARCH TIME(ms)	 CONSTRUCT TIME(ms)	 TOTAL TIME(ms)	 FOUND POSITION	
Length of text: 1024
	 1024	 1024	 2047	 0	 1	 1	 -1	
Length of text: 2048
	 1024	 2048	 2047	 0	 0	 0	 -1	
	 2048	 2048	 4095	 0	 1	 1	 -1	
Length of text: 4096
	 1024	 4096	 2047	 0	 0	 0	 -1	
	 2048	 4096	 4095	 0	 1	 1	 -1	
	 4096	 4096	 8191	 0	 2	 2	 -1	
Length of text: 8192
	 1024	 8192	 2047	 0	 1	 1	 -1	
	 2048	 8192	 4095	 0	 1	 1	 -1	
	 4096	 8192	 8191	 0	 2	 2	 -1	
	 8192	 8192	 16383	 0	 6	 6	 -1	
Length of text: 16384
	 1024	 16384	 2047	 0	 0	 0	 -1	
	 2048	 16384	 4095	 0	 1	 1	 -1	
	 4096	 16384	 8191	 0	 2	 2	 -1	
	 8192	 16384	 16383	 0	 6	 6	 -1	
	 16384	 16384	 32767	 0	 20	 20	 -1	
Length of text: 32768
	 1024	 32768	 2047	 0	 0	 0	 -1	
	 2048	 32768	 4095	 0	 0	 0	 -1	
	 4096	 32768	 8191	 0	 3	 3	 -1	
	 8192	 32768	 16383	 0	 4	 4	 -1	
	 16384	 32768	 32767	 0	 8	 8	 -1	
	 32768	 32768	 65535	 0	 21	 21	 -1	
Length of text: 65536
	 1024	 65536	 2047	 0	 1	 1	 -1	
	 2048	 65536	 4095	 0	 2	 2	 -1	
	 4096	 65536	 8191	 0	 2	 2	 -1	
	 8192	 65536	 16383	 0	 4	 4	 -1	
	 16384	 65536	 32767	 0	 21	 21	 -1	
	 32768	 65536	 65535	 0	 31	 31	 -1	
	 65536	 65536	 131071	 0	 54	 54	 -1	
Length of text: 131072
	 1024	 131072	 2047	 0	 0	 0	 -1	
	 2048	 131072	 4095	 0	 1	 1	 -1	
	 4096	 131072	 8191	 1	 2	 3	 -1	
	 8192	 131072	 16383	 0	 6	 6	 -1	
	 16384	 131072	 32767	 0	 8	 8	 -1	
	 32768	 131072	 65535	 0	 20	 20	 -1	
	 65536	 131072	 131071	 1	 39	 40	 -1	
	 131072	 131072	 262143	 0	 83	 83	 -1	
Length of text: 262144
	 1024	 262144	 2047	 0	 0	 0	 -1	
	 2048	 262144	 4095	 1	 1	 2	 -1	
	 4096	 262144	 8191	 0	 2	 2	 -1	
	 8192	 262144	 16383	 0	 5	 5	 -1	
	 16384	 262144	 32767	 0	 9	 9	 -1	
	 32768	 262144	 65535	 0	 21	 21	 -1	
	 65536	 262144	 131071	 0	 173	 175	 -1	
	 131072	 262144	 262143	 0	 79	 79	 -1	
	 262144	 262144	 524287	 1	 204	 205	 -1	
Length of text: 524288
	 1024	 524288	 2047	 0	 1	 1	 -1	
	 2048	 524288	 4095	 0	 1	 1	 -1	
	 4096	 524288	 8191	 1	 2	 3	 -1	
	 8192	 524288	 16383	 1	 5	 6	 -1	
	 16384	 524288	 32767	 1	 23	 24	 -1	
	 32768	 524288	 65535	 1	 29	 30	 -1	
	 65536	 524288	 131071	 1	 43	 44	 -1	
	 131072	 524288	 262143	 1	 95	 96	 -1	
	 262144	 524288	 524287	 1	 193	 194	 -1	
	 524288	 524288	 1048575	 1	 676	 677	 -1	
Length of text: 1048576
	 1024	 1048576	 2047	 2	 0	 2	 -1	
	 2048	 1048576	 4095	 2	 1	 3	 -1	
	 4096	 1048576	 8191	 2	 2	 4	 -1	
	 8192	 1048576	 16383	 2	 5	 7	 -1	
	 16384	 1048576	 32767	 2	 10	 12	 -1	
	 32768	 1048576	 65535	 1	 40	 41	 -1	
	 65536	 1048576	 131071	 1	 64	 65	 -1	
	 131072	 1048576	 262143	 2	 79	 81	 -1	
	 262144	 1048576	 524287	 1	 243	 244	 -1	
	 524288	 1048576	 1048575	 2	 394	 396	 -1	
	 1048576	 1048576	 2097151	 1	 3348	 3349	 -1	
Length of text: 2097152
	 1024	 2097152	 2047	 3	 0	 3	 -1	
	 2048	 2097152	 4095	 3	 1	 4	 -1	
	 4096	 2097152	 8191	 3	 2	 5	 -1	
	 8192	 2097152	 16383	 3	 5	 8	 -1	
	 16384	 2097152	 32767	 3	 18	 21	 -1	
	 32768	 2097152	 65535	 3	 26	 29	 -1	
	 65536	 2097152	 131071	 3	 101	 104	 -1	
	 131072	 2097152	 262143	 2	 167	 169	 -1	
	 262144	 2097152	 524287	 2	 146	 148	 -1	
	 524288	 2097152	 1048575	 3	 411	 414	 -1	
	 1048576	 2097152	 2097151	 3	 1333	 1336	 -1	
	 2097152	 2097152	 4194303	 3	 7329	 7332	 -1	
Length of text: 4194304
	 1024	 4194304	 2047	 6	 0	 6	 -1	
	 2048	 4194304	 4095	 5	 2	 7	 -1	
	 4096	 4194304	 8191	 6	 2	 8	 -1	
	 8192	 4194304	 16383	 6	 4	 10	 -1	
	 16384	 4194304	 32767	 6	 8	 14	 -1	
	 32768	 4194304	 65535	 6	 164	 170	 -1	
	 65536	 4194304	 131071	 6	 72	 78	 -1	
	 131072	 4194304	 262143	 5	 149	 154	 -1	
	 262144	 4194304	 524287	 7	 174	 181	 -1	
	 524288	 4194304	 1048575	 7	 510	 517	 -1	
	 1048576	 4194304	 2097151	 7	 875	 882	 -1	
	 2097152	 4194304	 4194303	 5	 5082	 5087	 -1	
	 4194304	 4194304	 8388607	 5	 22889	 22894	 -1	
