	 PATTERN LENGTH	 SEARCH INSPECT TIMES	 CONSTRUCT INSPECT TIMES	 SEARCH TIME(ms)	 CONSTRUCT TIME(ms)	 TOTAL TIME(ms)	 FOUND POSITION	
Length of text: 1024
	 1024	 3215	 3165	 1	 0	 1	 -1	
Length of text: 2048
	 1024	 7015	 3549	 0	 0	 0	 -1	
	 2048	 6640	 6761	 1	 0	 1	 -1	
Length of text: 4096
	 1024	 12644	 3171	 1	 0	 1	 -1	
	 2048	 13652	 6728	 0	 0	 0	 -1	
	 4096	 14075	 14181	 1	 0	 1	 -1	
Length of text: 8192
	 1024	 25402	 3180	 0	 0	 0	 -1	
	 2048	 25792	 6404	 0	 1	 1	 -1	
	 4096	 26245	 13221	 1	 0	 1	 -1	
	 8192	 27895	 28445	 1	 0	 1	 -1	
Length of text: 16384
	 1024	 50174	 3114	 1	 0	 1	 -1	
	 2048	 57206	 7178	 0	 1	 4	 -1	
	 4096	 55724	 13761	 0	 0	 0	 -1	
	 8192	 50354	 25154	 0	 0	 0	 -1	
	 16384	 50312	 50535	 0	 1	 1	 -1	
Length of text: 32768
	 1024	 110113	 3411	 1	 0	 1	 -1	
	 2048	 113779	 7064	 0	 0	 0	 -1	
	 4096	 101833	 12729	 0	 0	 0	 -1	
	 8192	 114061	 28349	 0	 0	 0	 -1	
	 16384	 98875	 49521	 0	 0	 0	 -1	
	 32768	 114109	 113822	 0	 1	 1	 -1	
Length of text: 65536
	 1024	 204647	 3219	 0	 0	 0	 -1	
	 2048	 226922	 7139	 0	 0	 0	 -1	
	 4096	 222605	 13902	 0	 0	 0	 -1	
	 8192	 203216	 25364	 0	 0	 0	 -1	
	 16384	 196712	 49080	 1	 0	 1	 -1	
	 32768	 202142	 100835	 0	 0	 0	 -1	
	 65536	 203066	 203613	 0	 1	 1	 -1	
Length of text: 131072
	 1024	 449131	 3576	 1	 0	 1	 -1	
	 2048	 407245	 6359	 0	 0	 0	 -1	
	 4096	 409054	 12924	 1	 0	 1	 -1	
	 8192	 440080	 27470	 1	 0	 1	 -1	
	 16384	 401731	 50088	 1	 0	 1	 -1	
	 32768	 452716	 113195	 1	 0	 1	 -1	
	 65536	 405952	 203604	 1	 0	 1	 -1	
	 131072	 455263	 455045	 1	 1	 2	 -1	
Length of text: 262144
	 1024	 911663	 3549	 2	 0	 2	 -1	
	 2048	 830477	 6383	 1	 0	 2	 -1	
	 4096	 816728	 12756	 2	 0	 2	 -1	
	 8192	 818420	 25763	 2	 0	 2	 -1	
	 16384	 897599	 56274	 2	 0	 2	 -1	
	 32768	 855866	 106787	 2	 0	 2	 -1	
	 65536	 855539	 213420	 2	 1	 3	 -1	
	 131072	 911072	 455396	 2	 1	 3	 -1	
	 262144	 867098	 866496	 2	 2	 4	 -1	
Length of text: 524288
	 1024	 1829131	 3597	 3	 0	 3	 -1	
	 2048	 1729054	 6725	 3	 0	 3	 -1	
	 4096	 1635682	 12681	 3	 0	 3	 -1	
	 8192	 1626271	 25247	 3	 0	 3	 -1	
	 16384	 1635751	 51348	 3	 0	 3	 -1	
	 32768	 1795675	 112193	 3	 0	 3	 -1	
	 65536	 1779997	 222687	 3	 0	 3	 -1	
	 131072	 1670824	 419135	 3	 1	 4	 -1	
	 262144	 1831819	 916455	 3	 2	 5	 -1	
	 524288	 1629409	 1630355	 3	 3	 10	 -1	
Length of text: 1048576
	 1024	 3626333	 3489	 6	 0	 6	 -1	
	 2048	 3467888	 6767	 6	 0	 7	 -1	
	 4096	 3174866	 12372	 8	 0	 8	 -1	
	 8192	 3371951	 26399	 6	 1	 7	 -1	
	 16384	 3419573	 53736	 6	 0	 6	 -1	
	 32768	 3226046	 100568	 5	 0	 6	 -1	
	 65536	 3224297	 201144	 6	 0	 6	 -1	
	 131072	 3557942	 445724	 6	 1	 7	 -1	
	 262144	 3628001	 907059	 6	 2	 8	 -1	
	 524288	 3536789	 1767341	 6	 3	 9	 -1	
	 1048576	 3272273	 3272079	 5	 5	 11	 -1	
Length of text: 2097152
	 1024	 7174180	 3507	 12	 0	 13	 -1	
	 2048	 6523120	 6380	 11	 0	 12	 -1	
	 4096	 6522121	 12810	 12	 0	 13	 -1	
	 8192	 6351262	 24890	 11	 0	 12	 -1	
	 16384	 6424111	 50373	 12	 0	 14	 -1	
	 32768	 6913657	 108218	 11	 1	 14	 -1	
	 65536	 7329586	 229578	 12	 0	 13	 -1	
	 131072	 6693091	 418751	 11	 1	 13	 -1	
	 262144	 6502531	 813132	 12	 2	 14	 -1	
	 524288	 6720781	 1680278	 12	 3	 15	 -1	
	 1048576	 6712234	 3356436	 11	 5	 17	 -1	
	 2097152	 6721867	 6720956	 11	 12	 25	 -1	
Length of text: 4194304
	 1024	 14592782	 3564	 24	 0	 26	 -1	
	 2048	 14029136	 6824	 23	 0	 25	 -1	
	 4096	 14528837	 14208	 25	 0	 26	 -1	
	 8192	 14531198	 28295	 24	 0	 26	 -1	
	 16384	 12902156	 50313	 22	 0	 24	 -1	
	 32768	 12977033	 101087	 23	 1	 25	 -1	
	 65536	 13102127	 205134	 21	 1	 24	 -1	
	 131072	 13103480	 409994	 22	 1	 24	 -1	
	 262144	 13877102	 867537	 22	 1	 25	 -1	
	 524288	 12761846	 1596689	 22	 3	 26	 -1	
	 1048576	 13032263	 3253917	 22	 5	 29	 -1	
	 2097152	 13846802	 6923831	 23	 11	 36	 -1	
	 4194304	 14128004	 14124924	 23	 24	 50	 -1	
