	 PATTERN LENGTH	 SEARCH INSPECT TIMES	 CONSTRUCT INSPECT TIMES	 SEARCH TIME(ms)	 CONSTRUCT TIME(ms)	 TOTAL TIME(ms)	 FOUND POSITION	
Length of text: 1024
	 1024	 3209	 3201	 0	 0	 0	 -1	
Length of text: 2048
	 1024	 6730	 3396	 0	 0	 0	 -1	
	 2048	 6955	 6965	 0	 0	 0	 -1	
Length of text: 4096
	 1024	 13613	 3387	 0	 0	 0	 -1	
	 2048	 13907	 6926	 0	 0	 0	 -1	
	 4096	 13811	 13836	 0	 0	 0	 -1	
Length of text: 8192
	 1024	 25291	 3144	 0	 0	 0	 -1	
	 2048	 25351	 6269	 0	 0	 0	 -1	
	 4096	 26701	 13161	 0	 0	 0	 -1	
	 8192	 24754	 24794	 0	 0	 0	 -1	
Length of text: 16384
	 1024	 55631	 3444	 0	 0	 0	 -1	
	 2048	 55331	 6887	 0	 0	 0	 -1	
	 4096	 52556	 13149	 0	 0	 0	 -1	
	 8192	 51125	 25706	 0	 0	 0	 -1	
	 16384	 52586	 52137	 0	 0	 0	 -1	
Length of text: 32768
	 1024	 109228	 3387	 1	 0	 1	 -1	
	 2048	 99634	 6131	 0	 0	 0	 -1	
	 4096	 111313	 13947	 0	 0	 0	 -1	
	 8192	 104668	 25997	 0	 0	 0	 -1	
	 16384	 110332	 54903	 0	 0	 0	 -1	
	 32768	 112051	 112823	 0	 0	 0	 -1	
Length of text: 65536
	 1024	 210464	 3360	 1	 0	 1	 -1	
	 2048	 226268	 7040	 0	 0	 0	 -1	
	 4096	 222656	 13968	 0	 0	 0	 -1	
	 8192	 222557	 28115	 0	 0	 0	 -1	
	 16384	 216683	 54339	 1	 0	 1	 -1	
	 32768	 228848	 114398	 0	 0	 0	 -1	
	 65536	 209444	 209079	 2	 0	 2	 -1	
Length of text: 131072
	 1024	 420694	 3249	 0	 0	 0	 -1	
	 2048	 407947	 6269	 1	 0	 1	 -1	
	 4096	 401248	 12657	 1	 0	 1	 -1	
	 8192	 447526	 27644	 1	 0	 1	 -1	
	 16384	 397558	 49740	 0	 0	 0	 -1	
	 32768	 410203	 102620	 1	 0	 1	 -1	
	 65536	 432265	 216246	 1	 0	 1	 -1	
	 131072	 428833	 427781	 1	 0	 1	 -1	
Length of text: 262144
	 1024	 909410	 3591	 2	 0	 2	 -1	
	 2048	 837554	 6485	 2	 0	 2	 -1	
	 4096	 804440	 12525	 1	 0	 1	 -1	
	 8192	 812927	 25370	 1	 0	 1	 -1	
	 16384	 855323	 53484	 1	 0	 1	 -1	
	 32768	 914531	 114152	 1	 0	 1	 -1	
	 65536	 818456	 204042	 1	 0	 1	 -1	
	 131072	 811952	 405902	 2	 1	 3	 -1	
	 262144	 891875	 890943	 2	 2	 4	 -1	
Length of text: 524288
	 1024	 1624825	 3195	 3	 0	 3	 -1	
	 2048	 1624762	 6323	 3	 0	 3	 -1	
	 4096	 1827523	 14373	 3	 0	 3	 -1	
	 8192	 1582126	 24626	 3	 0	 3	 -1	
	 16384	 1636030	 50925	 3	 0	 3	 -1	
	 32768	 1674016	 104735	 4	 0	 4	 -1	
	 65536	 1605658	 200823	 4	 1	 5	 -1	
	 131072	 1580251	 395321	 4	 1	 5	 -1	
	 262144	 1630597	 815088	 4	 2	 6	 -1	
	 524288	 1710340	 1710512	 4	 3	 8	 -1	
Length of text: 1048576
	 1024	 3417062	 3345	 7	 0	 7	 -1	
	 2048	 3152789	 6104	 6	 0	 7	 -1	
	 4096	 3475292	 13563	 7	 0	 8	 -1	
	 8192	 3479990	 27167	 6	 0	 7	 -1	
	 16384	 3239165	 50505	 6	 0	 6	 -1	
	 32768	 3480416	 109052	 6	 0	 7	 -1	
	 65536	 3262139	 203754	 5	 0	 6	 -1	
	 131072	 3662756	 457892	 6	 0	 7	 -1	
	 262144	 3525119	 880509	 6	 1	 7	 -1	
	 524288	 3263006	 1631924	 6	 3	 9	 -1	
	 1048576	 3214130	 3211986	 5	 5	 12	 -1	
Length of text: 2097152
	 1024	 7087453	 3432	 12	 0	 12	 -1	
	 2048	 7332901	 7052	 12	 0	 12	 -1	
	 4096	 6328738	 12417	 11	 1	 12	 -1	
	 8192	 7332169	 28703	 12	 0	 13	 -1	
	 16384	 6429769	 50214	 11	 0	 12	 -1	
	 32768	 6721288	 104978	 11	 0	 12	 -1	
	 65536	 7206226	 225477	 12	 0	 13	 -1	
	 131072	 7331689	 457913	 12	 1	 14	 -1	
	 262144	 6883828	 860691	 12	 1	 14	 -1	
	 524288	 6539419	 1635245	 12	 3	 15	 -1	
	 1048576	 7086121	 3543669	 13	 6	 21	 -1	
	 2097152	 6440152	 6442286	 12	 12	 25	 -1	
Length of text: 4194304
	 1024	 12994040	 3240	 24	 0	 26	 -1	
	 2048	 14652587	 7061	 25	 0	 27	 -1	
	 4096	 13404644	 13170	 25	 0	 27	 -1	
	 8192	 14246204	 27824	 29	 0	 30	 -1	
	 16384	 12655898	 49581	 27	 0	 29	 -1	
	 32768	 13072613	 102074	 28	 1	 30	 -1	
	 65536	 12898127	 201774	 31	 0	 33	 -1	
	 131072	 12855734	 401555	 28	 1	 30	 -1	
	 262144	 13503821	 844176	 27	 2	 30	 -1	
	 524288	 14603567	 1826021	 28	 3	 34	 -1	
	 1048576	 14123810	 3530754	 27	 6	 36	 -1	
	 2097152	 12609680	 6305852	 26	 12	 40	 -1	
	 4194304	 13834610	 13839240	 26	 24	 54	 -1	
