	 PATTERN LENGTH	 SEARCH INSPECT TIMES	 CONSTRUCT INSPECT TIMES	 SEARCH TIME(ms)	 CONSTRUCT TIME(ms)	 TOTAL TIME(ms)	 FOUND POSITION	
Length of text: 1024
	 1024	 3473	 3471	 0	 0	 0	 -1	
Length of text: 2048
	 1024	 6844	 3261	 0	 0	 0	 -1	
	 2048	 7117	 7172	 0	 0	 0	 -1	
Length of text: 4096
	 1024	 13262	 3303	 0	 0	 0	 -1	
	 2048	 13451	 6833	 0	 0	 0	 -1	
	 4096	 12800	 12591	 0	 0	 0	 -1	
Length of text: 8192
	 1024	 28156	 3507	 0	 0	 0	 -1	
	 2048	 24502	 6119	 0	 0	 0	 -1	
	 4096	 25414	 12816	 0	 0	 0	 -1	
	 8192	 25393	 25292	 0	 0	 0	 -1	
Length of text: 16384
	 1024	 57116	 3522	 1	 0	 1	 -1	
	 2048	 54848	 6869	 0	 0	 0	 -1	
	 4096	 52439	 13128	 0	 0	 0	 -1	
	 8192	 53555	 27176	 0	 0	 0	 -1	
	 16384	 50360	 50430	 0	 0	 0	 -1	
Length of text: 32768
	 1024	 106426	 3399	 1	 0	 1	 -1	
	 2048	 99319	 6284	 1	 0	 1	 -1	
	 4096	 111448	 13860	 0	 0	 0	 -1	
	 8192	 103174	 25634	 0	 0	 0	 -1	
	 16384	 113521	 56595	 0	 0	 0	 -1	
	 32768	 101191	 100976	 1	 0	 1	 -1	
Length of text: 65536
	 1024	 198008	 3108	 0	 0	 0	 -1	
	 2048	 203807	 6314	 1	 0	 1	 -1	
	 4096	 229352	 14244	 0	 0	 0	 -1	
	 8192	 226100	 28394	 0	 0	 0	 -1	
	 16384	 208985	 52305	 0	 1	 1	 -1	
	 32768	 214094	 107324	 1	 0	 1	 -1	
	 65536	 210866	 210999	 1	 0	 1	 -1	
Length of text: 131072
	 1024	 441481	 3468	 1	 0	 1	 -1	
	 2048	 406081	 6362	 1	 0	 1	 -1	
	 4096	 450508	 13944	 0	 0	 0	 -1	
	 8192	 398290	 24971	 1	 0	 1	 -1	
	 16384	 416914	 52242	 2	 0	 2	 -1	
	 32768	 455593	 114125	 0	 1	 1	 -1	
	 65536	 409624	 204042	 1	 0	 1	 -1	
	 131072	 406333	 407051	 1	 1	 2	 -1	
Length of text: 262144
	 1024	 909545	 3591	 2	 0	 2	 -1	
	 2048	 864842	 6716	 1	 0	 1	 -1	
	 4096	 812633	 12579	 2	 0	 2	 -1	
	 8192	 805169	 25211	 2	 0	 2	 -1	
	 16384	 915539	 57288	 2	 0	 2	 -1	
	 32768	 905657	 113690	 1	 1	 2	 -1	
	 65536	 811517	 202647	 1	 1	 2	 -1	
	 131072	 864680	 432827	 1	 1	 2	 -1	
	 262144	 908243	 909354	 2	 1	 3	 -1	
Length of text: 524288
	 1024	 1798201	 3477	 4	 0	 4	 -1	
	 2048	 1670200	 6506	 3	 0	 3	 -1	
	 4096	 1676290	 12966	 2	 0	 2	 -1	
	 8192	 1585426	 24797	 3	 0	 3	 -1	
	 16384	 1636510	 51177	 3	 0	 4	 -1	
	 32768	 1573669	 98375	 3	 0	 3	 -1	
	 65536	 1676086	 208878	 4	 0	 5	 -1	
	 131072	 1809433	 451955	 3	 1	 4	 -1	
	 262144	 1582228	 791727	 3	 2	 5	 -1	
	 524288	 1775185	 1773239	 3	 4	 7	 -1	
Length of text: 1048576
	 1024	 3228980	 3063	 7	 0	 7	 -1	
	 2048	 3644327	 7298	 7	 0	 7	 -1	
	 4096	 3542009	 14019	 7	 0	 7	 -1	
	 8192	 3538061	 27608	 7	 0	 7	 -1	
	 16384	 3266183	 50910	 7	 0	 7	 -1	
	 32768	 3512051	 110003	 7	 1	 8	 -1	
	 65536	 3522665	 220539	 7	 1	 8	 -1	
	 131072	 3223475	 403052	 7	 1	 8	 -1	
	 262144	 3350330	 837930	 7	 2	 9	 -1	
	 524288	 3163598	 1581710	 6	 2	 9	 -1	
	 1048576	 3661031	 3660381	 6	 5	 13	 -1	
Length of text: 2097152
	 1024	 6504139	 3147	 11	 0	 11	 -1	
	 2048	 6401218	 6251	 11	 0	 11	 -1	
	 4096	 7020544	 13725	 12	 0	 12	 -1	
	 8192	 6728707	 26390	 11	 0	 12	 -1	
	 16384	 6515044	 50622	 11	 0	 12	 -1	
	 32768	 7274842	 113867	 12	 0	 12	 -1	
	 65536	 6460042	 202146	 11	 0	 12	 -1	
	 131072	 6716203	 419639	 11	 1	 13	 -1	
	 262144	 6710329	 839280	 11	 1	 14	 -1	
	 524288	 6442753	 1611173	 12	 3	 15	 -1	
	 1048576	 6736960	 3370392	 14	 6	 21	 -1	
	 2097152	 6400837	 6401873	 11	 10	 23	 -1	
Length of text: 4194304
	 1024	 14187404	 3426	 24	 0	 25	 -1	
	 2048	 14318009	 7088	 23	 0	 25	 -1	
	 4096	 14444171	 14181	 24	 0	 25	 -1	
	 8192	 14290331	 28037	 28	 0	 29	 -1	
	 16384	 14577275	 56991	 23	 0	 25	 -1	
	 32768	 14233577	 111440	 24	 1	 26	 -1	
	 65536	 13006076	 203352	 21	 0	 23	 -1	
	 131072	 14591798	 455099	 26	 1	 29	 -1	
	 262144	 14599760	 912153	 31	 2	 35	 -1	
	 524288	 13108358	 1638299	 30	 3	 35	 -1	
	 1048576	 14125178	 3531606	 31	 7	 41	 -1	
	 2097152	 13452932	 6726560	 23	 12	 38	 -1	
	 4194304	 14670224	 14677341	 24	 24	 51	 -1	
