	 PATTERN LENGTH	 SEARCH INSPECT TIMES	 CONSTRUCT INSPECT TIMES	 SEARCH TIME(ms)	 CONSTRUCT TIME(ms)	 TOTAL TIME(ms)	 FOUND POSITION	
Length of text: 1024
	 1024	 1	 0	 0	 0	 0	 -1	
Length of text: 2048
	 1024	 3229	 0	 0	 0	 0	 -1	
	 2048	 5	 0	 0	 0	 0	 -1	
Length of text: 4096
	 1024	 9671	 0	 0	 0	 0	 -1	
	 2048	 6451	 0	 0	 0	 0	 -1	
	 4096	 1	 0	 0	 0	 0	 -1	
Length of text: 8192
	 1024	 22853	 0	 0	 0	 0	 -1	
	 2048	 19417	 0	 0	 0	 0	 -1	
	 4096	 12847	 0	 0	 0	 0	 -1	
	 8192	 5	 0	 0	 0	 0	 -1	
Length of text: 16384
	 1024	 48461	 0	 0	 0	 0	 -1	
	 2048	 45389	 0	 0	 0	 0	 -1	
	 4096	 39375	 0	 0	 0	 0	 -1	
	 8192	 25969	 0	 0	 0	 0	 -1	
	 16384	 1	 0	 0	 0	 0	 -1	
Length of text: 32768
	 1024	 100387	 0	 0	 0	 0	 -1	
	 2048	 97303	 0	 0	 0	 0	 -1	
	 4096	 90107	 0	 0	 0	 0	 -1	
	 8192	 78029	 0	 0	 0	 0	 -1	
	 16384	 51927	 0	 0	 0	 0	 -1	
	 32768	 1	 0	 0	 0	 0	 -1	
Length of text: 65536
	 1024	 204503	 0	 1	 0	 1	 -1	
	 2048	 201029	 0	 0	 0	 0	 -1	
	 4096	 193895	 0	 0	 0	 0	 -1	
	 8192	 180755	 0	 0	 0	 0	 -1	
	 16384	 155045	 0	 1	 0	 1	 -1	
	 32768	 103365	 0	 0	 0	 0	 -1	
	 65536	 1	 0	 0	 0	 0	 -1	
Length of text: 131072
	 1024	 411221	 0	 0	 0	 0	 -1	
	 2048	 408537	 0	 1	 0	 1	 -1	
	 4096	 401811	 0	 0	 0	 0	 -1	
	 8192	 388005	 0	 0	 0	 0	 -1	
	 16384	 363051	 0	 1	 0	 1	 -1	
	 32768	 310705	 0	 0	 0	 0	 -1	
	 65536	 207117	 0	 0	 0	 0	 -1	
	 131072	 1	 0	 1	 0	 1	 -1	
Length of text: 262144
	 1024	 827113	 0	 1	 0	 1	 -1	
	 2048	 823927	 0	 2	 0	 2	 -1	
	 4096	 817167	 0	 1	 0	 1	 -1	
	 8192	 804271	 0	 2	 0	 2	 -1	
	 16384	 778265	 0	 1	 0	 1	 -1	
	 32768	 725807	 0	 1	 0	 1	 -1	
	 65536	 622229	 0	 1	 0	 1	 -1	
	 131072	 414545	 0	 0	 0	 0	 -1	
	 262144	 1	 0	 0	 0	 0	 -1	
Length of text: 524288
	 1024	 1656957	 0	 2	 0	 2	 -1	
	 2048	 1654147	 0	 2	 0	 2	 -1	
	 4096	 1647295	 0	 3	 0	 3	 -1	
	 8192	 1634809	 0	 2	 0	 2	 -1	
	 16384	 1608307	 0	 3	 0	 3	 -1	
	 32768	 1555357	 0	 3	 0	 3	 -1	
	 65536	 1453277	 0	 2	 0	 2	 -1	
	 131072	 1245069	 0	 2	 0	 2	 -1	
	 262144	 829897	 0	 1	 0	 1	 -1	
	 524288	 1	 0	 0	 0	 0	 -1	
Length of text: 1048576
	 1024	 3314607	 0	 6	 0	 6	 -1	
	 2048	 3317525	 0	 6	 0	 6	 -1	
	 4096	 3306607	 0	 5	 0	 5	 -1	
	 8192	 3299591	 0	 5	 0	 5	 -1	
	 16384	 3268347	 0	 6	 0	 6	 -1	
	 32768	 3215703	 0	 6	 0	 6	 -1	
	 65536	 3112109	 0	 6	 0	 6	 -1	
	 131072	 2904103	 0	 6	 0	 6	 -1	
	 262144	 2494423	 0	 5	 0	 5	 -1	
	 524288	 1659187	 0	 3	 0	 3	 -1	
	 1048576	 7	 0	 1	 0	 1	 -1	
Length of text: 2097152
	 1024	 6639909	 0	 11	 0	 11	 -1	
	 2048	 6632841	 0	 13	 0	 13	 -1	
	 4096	 6627281	 0	 12	 0	 12	 -1	
	 8192	 6616665	 0	 12	 0	 12	 -1	
	 16384	 6589423	 0	 13	 0	 13	 -1	
	 32768	 6538739	 0	 13	 0	 13	 -1	
	 65536	 6432829	 0	 10	 0	 10	 -1	
	 131072	 6224603	 0	 10	 0	 10	 -1	
	 262144	 5811297	 0	 11	 0	 11	 -1	
	 524288	 4980023	 0	 10	 0	 10	 -1	
	 1048576	 3319007	 0	 7	 0	 7	 -1	
	 2097152	 1	 0	 1	 0	 1	 -1	
Length of text: 4194304
	 1024	 13275737	 0	 19	 0	 19	 -1	
	 2048	 13274317	 0	 20	 0	 20	 -1	
	 4096	 13267205	 0	 23	 0	 23	 -1	
	 8192	 13254205	 0	 25	 0	 25	 -1	
	 16384	 13225377	 0	 22	 0	 22	 -1	
	 32768	 13175893	 0	 26	 0	 26	 -1	
	 65536	 13072903	 0	 29	 0	 29	 -1	
	 131072	 12863875	 0	 27	 0	 27	 -1	
	 262144	 12449669	 0	 22	 0	 22	 -1	
	 524288	 11618925	 0	 22	 0	 22	 -1	
	 1048576	 9961109	 0	 20	 0	 20	 -1	
	 2097152	 6643555	 0	 12	 0	 12	 -1	
	 4194304	 1	 0	 2	 0	 2	 -1	
