	 PATTERN LENGTH	 SEARCH INSPECT TIMES	 CONSTRUCT INSPECT TIMES	 SEARCH TIME(ms)	 CONSTRUCT TIME(ms)	 TOTAL TIME(ms)	 FOUND POSITION	
Length of text: 1024
	 1024	 1	 0	 0	 0	 0	 -1	
Length of text: 2048
	 1024	 3175	 0	 0	 0	 0	 -1	
	 2048	 1	 0	 0	 0	 0	 -1	
Length of text: 4096
	 1024	 9669	 0	 0	 0	 0	 -1	
	 2048	 6343	 0	 0	 0	 0	 -1	
	 4096	 1	 0	 0	 0	 0	 -1	
Length of text: 8192
	 1024	 22823	 0	 0	 0	 0	 -1	
	 2048	 19545	 0	 0	 0	 0	 -1	
	 4096	 13061	 0	 0	 0	 0	 -1	
	 8192	 1	 0	 0	 0	 0	 -1	
Length of text: 16384
	 1024	 48507	 0	 0	 0	 0	 -1	
	 2048	 45255	 0	 0	 0	 0	 -1	
	 4096	 38743	 0	 0	 0	 0	 -1	
	 8192	 26183	 0	 0	 0	 0	 -1	
	 16384	 1	 0	 0	 0	 0	 -1	
Length of text: 32768
	 1024	 100017	 0	 0	 0	 0	 -1	
	 2048	 96743	 0	 0	 0	 0	 -1	
	 4096	 91559	 0	 0	 0	 0	 -1	
	 8192	 78497	 0	 0	 0	 0	 -1	
	 16384	 51925	 0	 0	 0	 0	 -1	
	 32768	 1	 0	 0	 0	 0	 -1	
Length of text: 65536
	 1024	 203793	 0	 0	 0	 0	 -1	
	 2048	 200669	 0	 0	 0	 0	 -1	
	 4096	 194533	 0	 0	 0	 0	 -1	
	 8192	 182327	 0	 0	 0	 0	 -1	
	 16384	 154621	 0	 0	 0	 0	 -1	
	 32768	 103567	 0	 0	 0	 0	 -1	
	 65536	 5	 0	 0	 0	 0	 -1	
Length of text: 131072
	 1024	 411003	 0	 1	 0	 1	 -1	
	 2048	 409623	 0	 1	 0	 1	 -1	
	 4096	 403089	 0	 1	 0	 1	 -1	
	 8192	 388327	 0	 1	 0	 1	 -1	
	 16384	 362339	 0	 0	 0	 0	 -1	
	 32768	 311207	 0	 1	 0	 1	 -1	
	 65536	 207125	 0	 1	 0	 1	 -1	
	 131072	 1	 0	 0	 0	 0	 -1	
Length of text: 262144
	 1024	 826263	 0	 1	 0	 1	 -1	
	 2048	 822581	 0	 1	 0	 1	 -1	
	 4096	 817507	 0	 2	 0	 2	 -1	
	 8192	 804631	 0	 1	 0	 1	 -1	
	 16384	 778721	 0	 2	 0	 2	 -1	
	 32768	 726981	 0	 1	 0	 1	 -1	
	 65536	 622279	 0	 1	 0	 1	 -1	
	 131072	 413909	 0	 1	 0	 1	 -1	
	 262144	 1	 0	 0	 0	 0	 -1	
Length of text: 524288
	 1024	 1658021	 0	 3	 0	 3	 -1	
	 2048	 1651851	 0	 3	 0	 3	 -1	
	 4096	 1645537	 0	 3	 0	 3	 -1	
	 8192	 1632761	 0	 3	 0	 3	 -1	
	 16384	 1609535	 0	 3	 0	 3	 -1	
	 32768	 1557603	 0	 3	 0	 3	 -1	
	 65536	 1452919	 0	 3	 0	 3	 -1	
	 131072	 1245715	 0	 3	 0	 3	 -1	
	 262144	 828745	 0	 1	 0	 1	 -1	
	 524288	 1	 0	 0	 0	 0	 -1	
Length of text: 1048576
	 1024	 3321189	 0	 6	 0	 6	 -1	
	 2048	 3317931	 0	 7	 0	 7	 -1	
	 4096	 3312187	 0	 7	 0	 7	 -1	
	 8192	 3298765	 0	 7	 0	 7	 -1	
	 16384	 3269985	 0	 7	 0	 7	 -1	
	 32768	 3213127	 0	 7	 0	 7	 -1	
	 65536	 3110269	 0	 6	 0	 6	 -1	
	 131072	 2903797	 0	 5	 0	 5	 -1	
	 262144	 2494283	 0	 6	 0	 6	 -1	
	 524288	 1663609	 0	 4	 0	 4	 -1	
	 1048576	 1	 0	 0	 0	 0	 -1	
Length of text: 2097152
	 1024	 6633933	 0	 13	 0	 13	 -1	
	 2048	 6635997	 0	 16	 0	 16	 -1	
	 4096	 6627693	 0	 18	 0	 18	 -1	
	 8192	 6614833	 0	 18	 0	 18	 -1	
	 16384	 6589683	 0	 20	 0	 20	 -1	
	 32768	 6532133	 0	 16	 0	 16	 -1	
	 65536	 6434555	 0	 13	 0	 13	 -1	
	 131072	 6229647	 0	 11	 0	 11	 -1	
	 262144	 5815161	 0	 11	 0	 11	 -1	
	 524288	 4983383	 0	 8	 0	 8	 -1	
	 1048576	 3320449	 0	 6	 0	 6	 -1	
	 2097152	 1	 0	 1	 0	 1	 -1	
Length of text: 4194304
	 1024	 13278527	 0	 25	 0	 25	 -1	
	 2048	 13278437	 0	 20	 0	 20	 -1	
	 4096	 13263157	 0	 24	 0	 24	 -1	
	 8192	 13260267	 0	 25	 0	 25	 -1	
	 16384	 13233481	 0	 25	 0	 25	 -1	
	 32768	 13179493	 0	 29	 0	 29	 -1	
	 65536	 13075233	 0	 30	 0	 30	 -1	
	 131072	 12869237	 0	 27	 0	 27	 -1	
	 262144	 12451323	 0	 26	 0	 26	 -1	
	 524288	 11624749	 0	 26	 0	 26	 -1	
	 1048576	 9966059	 0	 21	 0	 21	 -1	
	 2097152	 6644989	 0	 13	 0	 13	 -1	
	 4194304	 1	 0	 2	 0	 2	 -1	
