	 PATTERN LENGTH	 SEARCH INSPECT TIMES	 CONSTRUCT INSPECT TIMES	 SEARCH TIME(ms)	 CONSTRUCT TIME(ms)	 TOTAL TIME(ms)	 FOUND POSITION	
Length of text: 1024
	 1024	 1	 0	 0	 0	 0	 -1	
Length of text: 2048
	 1024	 3223	 0	 0	 0	 0	 -1	
	 2048	 1	 0	 0	 0	 0	 -1	
Length of text: 4096
	 1024	 9999	 0	 0	 0	 0	 -1	
	 2048	 6633	 0	 0	 0	 0	 -1	
	 4096	 1	 0	 0	 0	 0	 -1	
Length of text: 8192
	 1024	 22807	 0	 0	 0	 0	 -1	
	 2048	 19165	 0	 0	 0	 0	 -1	
	 4096	 12933	 0	 0	 0	 0	 -1	
	 8192	 1	 0	 0	 0	 0	 -1	
Length of text: 16384
	 1024	 48701	 0	 0	 0	 0	 -1	
	 2048	 45613	 0	 0	 0	 0	 -1	
	 4096	 38815	 0	 0	 0	 0	 -1	
	 8192	 26005	 0	 0	 0	 0	 -1	
	 16384	 1	 0	 0	 0	 0	 -1	
Length of text: 32768
	 1024	 100841	 0	 0	 0	 0	 -1	
	 2048	 97529	 0	 0	 0	 0	 -1	
	 4096	 91059	 0	 1	 0	 1	 -1	
	 8192	 77453	 0	 0	 0	 0	 -1	
	 16384	 51963	 0	 0	 0	 0	 -1	
	 32768	 1	 0	 0	 0	 0	 -1	
Length of text: 65536
	 1024	 204195	 0	 0	 0	 0	 -1	
	 2048	 201701	 0	 0	 0	 0	 -1	
	 4096	 194455	 0	 0	 0	 0	 -1	
	 8192	 181059	 0	 0	 0	 0	 -1	
	 16384	 155283	 0	 0	 0	 0	 -1	
	 32768	 103605	 0	 0	 0	 0	 -1	
	 65536	 1	 0	 0	 0	 0	 -1	
Length of text: 131072
	 1024	 410611	 0	 1	 0	 1	 -1	
	 2048	 408841	 0	 1	 0	 1	 -1	
	 4096	 402249	 0	 1	 0	 1	 -1	
	 8192	 389399	 0	 1	 0	 1	 -1	
	 16384	 363683	 0	 0	 0	 0	 -1	
	 32768	 310849	 0	 0	 0	 0	 -1	
	 65536	 207145	 0	 1	 0	 1	 -1	
	 131072	 5	 0	 0	 0	 0	 -1	
Length of text: 262144
	 1024	 826497	 0	 1	 0	 1	 -1	
	 2048	 823721	 0	 2	 0	 2	 -1	
	 4096	 817289	 0	 2	 0	 2	 -1	
	 8192	 804165	 0	 2	 0	 2	 -1	
	 16384	 778327	 0	 1	 0	 1	 -1	
	 32768	 725629	 0	 1	 0	 1	 -1	
	 65536	 623109	 0	 1	 0	 1	 -1	
	 131072	 414217	 0	 1	 0	 1	 -1	
	 262144	 1	 0	 0	 0	 0	 -1	
Length of text: 524288
	 1024	 1656687	 0	 2	 0	 2	 -1	
	 2048	 1654529	 0	 3	 0	 3	 -1	
	 4096	 1645631	 0	 2	 0	 2	 -1	
	 8192	 1633763	 0	 2	 0	 2	 -1	
	 16384	 1610015	 0	 2	 0	 2	 -1	
	 32768	 1555853	 0	 2	 0	 2	 -1	
	 65536	 1451073	 0	 2	 0	 2	 -1	
	 131072	 1244893	 0	 2	 0	 2	 -1	
	 262144	 830289	 0	 2	 0	 2	 -1	
	 524288	 1	 0	 0	 0	 0	 -1	
Length of text: 1048576
	 1024	 3316133	 0	 5	 0	 5	 -1	
	 2048	 3315293	 0	 5	 0	 5	 -1	
	 4096	 3308495	 0	 5	 0	 5	 -1	
	 8192	 3295777	 0	 6	 0	 6	 -1	
	 16384	 3270079	 0	 6	 0	 6	 -1	
	 32768	 3216355	 0	 5	 0	 5	 -1	
	 65536	 3111193	 0	 5	 0	 5	 -1	
	 131072	 2907743	 0	 4	 0	 4	 -1	
	 262144	 2489577	 0	 3	 0	 3	 -1	
	 524288	 1660505	 0	 3	 0	 3	 -1	
	 1048576	 1	 0	 1	 0	 1	 -1	
Length of text: 2097152
	 1024	 6643293	 0	 10	 0	 10	 -1	
	 2048	 6630439	 0	 10	 0	 10	 -1	
	 4096	 6623703	 0	 10	 0	 10	 -1	
	 8192	 6612351	 0	 8	 0	 8	 -1	
	 16384	 6584555	 0	 11	 0	 11	 -1	
	 32768	 6531027	 0	 9	 0	 9	 -1	
	 65536	 6439821	 0	 9	 0	 9	 -1	
	 131072	 6221529	 0	 8	 0	 8	 -1	
	 262144	 5806973	 0	 9	 0	 9	 -1	
	 524288	 4984949	 0	 8	 0	 8	 -1	
	 1048576	 3322559	 0	 5	 0	 5	 -1	
	 2097152	 1	 0	 1	 0	 1	 -1	
Length of text: 4194304
	 1024	 13282723	 0	 21	 0	 21	 -1	
	 2048	 13277341	 0	 21	 0	 21	 -1	
	 4096	 13269807	 0	 21	 0	 21	 -1	
	 8192	 13256703	 0	 21	 0	 21	 -1	
	 16384	 13229181	 0	 20	 0	 20	 -1	
	 32768	 13176359	 0	 18	 0	 18	 -1	
	 65536	 13070819	 0	 21	 0	 21	 -1	
	 131072	 12867095	 0	 20	 0	 20	 -1	
	 262144	 12452473	 0	 19	 0	 19	 -1	
	 524288	 11625355	 0	 17	 0	 17	 -1	
	 1048576	 9963459	 0	 14	 0	 14	 -1	
	 2097152	 6641189	 0	 12	 0	 12	 -1	
	 4194304	 7	 0	 2	 0	 2	 -1	
