	 PATTERN LENGTH	 SEARCH INSPECT TIMES	 CONSTRUCT INSPECT TIMES	 SEARCH TIME(ms)	 CONSTRUCT TIME(ms)	 TOTAL TIME(ms)	 FOUND POSITION	
Length of text: 1024
	 1024	 2699	 0	 0	 0	 0	 -1	
Length of text: 2048
	 1024	 5433	 0	 0	 0	 0	 -1	
	 2048	 5475	 0	 0	 0	 0	 -1	
Length of text: 4096
	 1024	 10899	 0	 0	 0	 0	 -1	
	 2048	 10897	 0	 0	 0	 0	 -1	
	 4096	 10895	 0	 0	 0	 0	 -1	
Length of text: 8192
	 1024	 21979	 0	 0	 0	 0	 -1	
	 2048	 21799	 0	 0	 0	 0	 -1	
	 4096	 21779	 0	 0	 0	 0	 -1	
	 8192	 21843	 0	 0	 0	 0	 -1	
Length of text: 16384
	 1024	 43641	 0	 0	 0	 0	 -1	
	 2048	 43603	 0	 0	 0	 0	 -1	
	 4096	 43937	 0	 0	 0	 0	 -1	
	 8192	 43507	 0	 0	 0	 0	 -1	
	 16384	 43743	 0	 0	 0	 0	 -1	
Length of text: 32768
	 1024	 87309	 0	 0	 0	 0	 -1	
	 2048	 87453	 0	 0	 0	 0	 -1	
	 4096	 86829	 0	 0	 0	 0	 -1	
	 8192	 87779	 0	 0	 0	 0	 -1	
	 16384	 86787	 0	 0	 0	 0	 -1	
	 32768	 87533	 0	 0	 0	 0	 -1	
Length of text: 65536
	 1024	 174731	 0	 0	 0	 0	 -1	
	 2048	 174737	 0	 0	 0	 0	 -1	
	 4096	 174333	 0	 1	 0	 1	 -1	
	 8192	 174107	 0	 0	 0	 0	 -1	
	 16384	 174355	 0	 0	 0	 0	 -1	
	 32768	 174311	 0	 1	 0	 1	 -1	
	 65536	 174999	 0	 0	 0	 0	 -1	
Length of text: 131072
	 1024	 349219	 0	 1	 0	 1	 -1	
	 2048	 349499	 0	 0	 0	 0	 -1	
	 4096	 349299	 0	 0	 0	 0	 -1	
	 8192	 348785	 0	 1	 0	 1	 -1	
	 16384	 349387	 0	 1	 0	 1	 -1	
	 32768	 349491	 0	 1	 0	 1	 -1	
	 65536	 349735	 0	 0	 0	 0	 -1	
	 131072	 349687	 0	 0	 0	 0	 -1	
Length of text: 262144
	 1024	 699233	 0	 1	 0	 1	 -1	
	 2048	 699111	 0	 1	 0	 1	 -1	
	 4096	 699067	 0	 1	 0	 1	 -1	
	 8192	 699145	 0	 1	 0	 1	 -1	
	 16384	 699175	 0	 1	 0	 1	 -1	
	 32768	 698483	 0	 1	 0	 1	 -1	
	 65536	 698455	 0	 1	 0	 1	 -1	
	 131072	 698723	 0	 1	 0	 1	 -1	
	 262144	 698775	 0	 1	 0	 1	 -1	
Length of text: 524288
	 1024	 1398121	 0	 2	 0	 2	 -1	
	 2048	 1398351	 0	 3	 0	 3	 -1	
	 4096	 1398341	 0	 2	 0	 2	 -1	
	 8192	 1398529	 0	 2	 0	 2	 -1	
	 16384	 1398463	 0	 2	 0	 2	 -1	
	 32768	 1397791	 0	 2	 0	 2	 -1	
	 65536	 1398479	 0	 2	 0	 2	 -1	
	 131072	 1398147	 0	 2	 0	 2	 -1	
	 262144	 1398305	 0	 3	 0	 3	 -1	
	 524288	 1398393	 0	 2	 0	 2	 -1	
Length of text: 1048576
	 1024	 2794567	 0	 5	 0	 5	 -1	
	 2048	 2797905	 0	 5	 0	 5	 -1	
	 4096	 2795823	 0	 5	 0	 5	 -1	
	 8192	 2799503	 0	 5	 0	 5	 -1	
	 16384	 2796175	 0	 5	 0	 5	 -1	
	 32768	 2795957	 0	 5	 0	 5	 -1	
	 65536	 2795339	 0	 5	 0	 5	 -1	
	 131072	 2795061	 0	 5	 0	 5	 -1	
	 262144	 2798495	 0	 5	 0	 5	 -1	
	 524288	 2795603	 0	 6	 0	 6	 -1	
	 1048576	 2794369	 0	 6	 0	 6	 -1	
Length of text: 2097152
	 1024	 5594383	 0	 9	 0	 9	 -1	
	 2048	 5591283	 0	 10	 0	 10	 -1	
	 4096	 5591713	 0	 11	 0	 11	 -1	
	 8192	 5593823	 0	 11	 0	 11	 -1	
	 16384	 5592739	 0	 10	 0	 10	 -1	
	 32768	 5593805	 0	 10	 0	 10	 -1	
	 65536	 5590831	 0	 10	 0	 10	 -1	
	 131072	 5591707	 0	 10	 0	 10	 -1	
	 262144	 5592843	 0	 10	 0	 10	 -1	
	 524288	 5592849	 0	 12	 0	 12	 -1	
	 1048576	 5593791	 0	 11	 0	 11	 -1	
	 2097152	 5590933	 0	 11	 0	 11	 -1	
Length of text: 4194304
	 1024	 11182749	 0	 18	 0	 18	 -1	
	 2048	 11184247	 0	 18	 0	 18	 -1	
	 4096	 11184023	 0	 21	 0	 21	 -1	
	 8192	 11183979	 0	 21	 0	 21	 -1	
	 16384	 11180843	 0	 18	 0	 18	 -1	
	 32768	 11182833	 0	 24	 0	 24	 -1	
	 65536	 11184335	 0	 25	 0	 25	 -1	
	 131072	 11182537	 0	 23	 0	 23	 -1	
	 262144	 11184523	 0	 19	 0	 19	 -1	
	 524288	 11183149	 0	 22	 0	 22	 -1	
	 1048576	 11186199	 0	 22	 0	 22	 -1	
	 2097152	 11185351	 0	 21	 0	 21	 -1	
	 4194304	 11187007	 0	 21	 0	 21	 -1	
