	 PATTERN LENGTH	 SEARCH INSPECT TIMES	 CONSTRUCT INSPECT TIMES	 SEARCH TIME(ms)	 CONSTRUCT TIME(ms)	 TOTAL TIME(ms)	 FOUND POSITION	
Length of text: 1024
	 1024	 2757	 0	 0	 0	 0	 -1	
Length of text: 2048
	 1024	 5457	 0	 0	 0	 0	 -1	
	 2048	 5339	 0	 0	 0	 0	 -1	
Length of text: 4096
	 1024	 11095	 0	 0	 0	 0	 -1	
	 2048	 11005	 0	 0	 0	 0	 -1	
	 4096	 11097	 0	 0	 0	 0	 -1	
Length of text: 8192
	 1024	 21853	 0	 0	 0	 0	 -1	
	 2048	 21529	 0	 0	 0	 0	 -1	
	 4096	 21927	 0	 0	 0	 0	 -1	
	 8192	 21519	 0	 0	 0	 0	 -1	
Length of text: 16384
	 1024	 43733	 0	 0	 0	 0	 -1	
	 2048	 43825	 0	 0	 0	 0	 -1	
	 4096	 43771	 0	 0	 0	 0	 -1	
	 8192	 43689	 0	 0	 0	 0	 -1	
	 16384	 43789	 0	 0	 0	 0	 -1	
Length of text: 32768
	 1024	 87539	 0	 0	 0	 0	 -1	
	 2048	 87597	 0	 0	 0	 0	 -1	
	 4096	 87627	 0	 0	 0	 0	 -1	
	 8192	 87205	 0	 1	 0	 1	 -1	
	 16384	 87489	 0	 0	 0	 0	 -1	
	 32768	 87219	 0	 0	 0	 0	 -1	
Length of text: 65536
	 1024	 174903	 0	 0	 0	 0	 -1	
	 2048	 175033	 0	 0	 0	 0	 -1	
	 4096	 174839	 0	 0	 0	 0	 -1	
	 8192	 174453	 0	 0	 0	 0	 -1	
	 16384	 174559	 0	 1	 0	 1	 -1	
	 32768	 174819	 0	 0	 0	 0	 -1	
	 65536	 174733	 0	 0	 0	 0	 -1	
Length of text: 131072
	 1024	 348687	 0	 1	 0	 1	 -1	
	 2048	 349515	 0	 0	 0	 0	 -1	
	 4096	 349579	 0	 0	 0	 0	 -1	
	 8192	 349687	 0	 0	 0	 0	 -1	
	 16384	 349779	 0	 1	 0	 1	 -1	
	 32768	 349977	 0	 1	 0	 1	 -1	
	 65536	 348771	 0	 0	 0	 0	 -1	
	 131072	 349015	 0	 0	 0	 0	 -1	
Length of text: 262144
	 1024	 698807	 0	 1	 0	 1	 -1	
	 2048	 699255	 0	 1	 0	 1	 -1	
	 4096	 699073	 0	 1	 0	 1	 -1	
	 8192	 699231	 0	 1	 0	 1	 -1	
	 16384	 698817	 0	 1	 0	 1	 -1	
	 32768	 698161	 0	 1	 0	 1	 -1	
	 65536	 698927	 0	 1	 0	 1	 -1	
	 131072	 698285	 0	 1	 0	 1	 -1	
	 262144	 698073	 0	 1	 0	 1	 -1	
Length of text: 524288
	 1024	 1398275	 0	 3	 0	 3	 -1	
	 2048	 1398239	 0	 2	 0	 2	 -1	
	 4096	 1397023	 0	 2	 0	 2	 -1	
	 8192	 1397655	 0	 2	 0	 2	 -1	
	 16384	 1399249	 0	 3	 0	 3	 -1	
	 32768	 1397671	 0	 3	 0	 3	 -1	
	 65536	 1397181	 0	 2	 0	 2	 -1	
	 131072	 1398775	 0	 4	 0	 4	 -1	
	 262144	 1398647	 0	 3	 0	 3	 -1	
	 524288	 1398495	 0	 2	 0	 2	 -1	
Length of text: 1048576
	 1024	 2795561	 0	 4	 0	 4	 -1	
	 2048	 2797077	 0	 5	 0	 5	 -1	
	 4096	 2796697	 0	 5	 0	 5	 -1	
	 8192	 2797057	 0	 4	 0	 4	 -1	
	 16384	 2797299	 0	 5	 0	 5	 -1	
	 32768	 2796303	 0	 5	 0	 5	 -1	
	 65536	 2795551	 0	 3	 0	 3	 -1	
	 131072	 2796917	 0	 5	 0	 5	 -1	
	 262144	 2795137	 0	 4	 0	 4	 -1	
	 524288	 2796295	 0	 4	 0	 4	 -1	
	 1048576	 2795283	 0	 3	 0	 3	 -1	
Length of text: 2097152
	 1024	 5595585	 0	 9	 0	 9	 -1	
	 2048	 5590027	 0	 9	 0	 9	 -1	
	 4096	 5589759	 0	 9	 0	 9	 -1	
	 8192	 5591493	 0	 7	 0	 7	 -1	
	 16384	 5589817	 0	 9	 0	 9	 -1	
	 32768	 5587657	 0	 8	 0	 8	 -1	
	 65536	 5596455	 0	 8	 0	 8	 -1	
	 131072	 5591711	 0	 9	 0	 9	 -1	
	 262144	 5590263	 0	 8	 0	 8	 -1	
	 524288	 5594395	 0	 9	 0	 9	 -1	
	 1048576	 5594855	 0	 9	 0	 9	 -1	
	 2097152	 5588405	 0	 9	 0	 9	 -1	
Length of text: 4194304
	 1024	 11187661	 0	 17	 0	 17	 -1	
	 2048	 11186085	 0	 18	 0	 18	 -1	
	 4096	 11184487	 0	 17	 0	 17	 -1	
	 8192	 11184483	 0	 18	 0	 18	 -1	
	 16384	 11184887	 0	 17	 0	 17	 -1	
	 32768	 11183449	 0	 18	 0	 18	 -1	
	 65536	 11181903	 0	 19	 0	 19	 -1	
	 131072	 11184837	 0	 18	 0	 18	 -1	
	 262144	 11185781	 0	 18	 0	 18	 -1	
	 524288	 11186999	 0	 18	 0	 18	 -1	
	 1048576	 11188469	 0	 18	 0	 18	 -1	
	 2097152	 11185535	 0	 18	 0	 18	 -1	
	 4194304	 11184339	 0	 17	 0	 17	 -1	
