	 PATTERN LENGTH	 SEARCH INSPECT TIMES	 CONSTRUCT INSPECT TIMES	 SEARCH TIME(ms)	 CONSTRUCT TIME(ms)	 TOTAL TIME(ms)	 FOUND POSITION	
Length of text: 1024
	 1024	 2783	 0	 0	 0	 0	 -1	
Length of text: 2048
	 1024	 5375	 0	 0	 0	 0	 -1	
	 2048	 5453	 0	 0	 0	 0	 -1	
Length of text: 4096
	 1024	 10827	 0	 0	 0	 0	 -1	
	 2048	 10859	 0	 0	 0	 0	 -1	
	 4096	 10921	 0	 0	 0	 0	 -1	
Length of text: 8192
	 1024	 21947	 0	 1	 0	 1	 -1	
	 2048	 21871	 0	 0	 0	 0	 -1	
	 4096	 21763	 0	 0	 0	 0	 -1	
	 8192	 21845	 0	 0	 0	 0	 -1	
Length of text: 16384
	 1024	 43601	 0	 0	 0	 0	 -1	
	 2048	 43547	 0	 0	 0	 0	 -1	
	 4096	 43421	 0	 0	 0	 0	 -1	
	 8192	 43721	 0	 0	 0	 0	 -1	
	 16384	 43771	 0	 0	 0	 0	 -1	
Length of text: 32768
	 1024	 86957	 0	 0	 0	 0	 -1	
	 2048	 86939	 0	 0	 0	 0	 -1	
	 4096	 87975	 0	 0	 0	 0	 -1	
	 8192	 87895	 0	 0	 0	 0	 -1	
	 16384	 87427	 0	 0	 0	 0	 -1	
	 32768	 87605	 0	 0	 0	 0	 -1	
Length of text: 65536
	 1024	 174565	 0	 1	 0	 1	 -1	
	 2048	 174711	 0	 0	 0	 0	 -1	
	 4096	 174569	 0	 1	 0	 1	 -1	
	 8192	 175391	 0	 0	 0	 0	 -1	
	 16384	 174253	 0	 0	 0	 0	 -1	
	 32768	 174989	 0	 0	 0	 0	 -1	
	 65536	 174983	 0	 1	 0	 1	 -1	
Length of text: 131072
	 1024	 348999	 0	 1	 0	 1	 -1	
	 2048	 350093	 0	 1	 0	 1	 -1	
	 4096	 350043	 0	 1	 0	 1	 -1	
	 8192	 349331	 0	 1	 0	 1	 -1	
	 16384	 348861	 0	 1	 0	 1	 -1	
	 32768	 349501	 0	 1	 0	 1	 -1	
	 65536	 349495	 0	 0	 0	 0	 -1	
	 131072	 348953	 0	 1	 0	 1	 -1	
Length of text: 262144
	 1024	 698643	 0	 1	 0	 1	 -1	
	 2048	 698481	 0	 1	 0	 1	 -1	
	 4096	 699253	 0	 1	 0	 1	 -1	
	 8192	 699427	 0	 1	 0	 1	 -1	
	 16384	 698889	 0	 1	 0	 1	 -1	
	 32768	 699075	 0	 2	 0	 2	 -1	
	 65536	 698723	 0	 1	 0	 1	 -1	
	 131072	 699105	 0	 1	 0	 1	 -1	
	 262144	 698395	 0	 1	 0	 1	 -1	
Length of text: 524288
	 1024	 1398713	 0	 2	 0	 2	 -1	
	 2048	 1396749	 0	 3	 0	 3	 -1	
	 4096	 1396915	 0	 3	 0	 3	 -1	
	 8192	 1397113	 0	 2	 0	 2	 -1	
	 16384	 1399031	 0	 2	 0	 2	 -1	
	 32768	 1399041	 0	 2	 0	 2	 -1	
	 65536	 1398655	 0	 3	 0	 3	 -1	
	 131072	 1398337	 0	 3	 0	 3	 -1	
	 262144	 1396943	 0	 4	 0	 4	 -1	
	 524288	 1398455	 0	 4	 0	 4	 -1	
Length of text: 1048576
	 1024	 2798327	 0	 7	 0	 7	 -1	
	 2048	 2798287	 0	 6	 0	 6	 -1	
	 4096	 2798987	 0	 6	 0	 6	 -1	
	 8192	 2798509	 0	 6	 0	 6	 -1	
	 16384	 2796731	 0	 6	 0	 6	 -1	
	 32768	 2794151	 0	 6	 0	 6	 -1	
	 65536	 2794963	 0	 5	 0	 5	 -1	
	 131072	 2795049	 0	 5	 0	 5	 -1	
	 262144	 2798813	 0	 6	 0	 6	 -1	
	 524288	 2798805	 0	 6	 0	 6	 -1	
	 1048576	 2793737	 0	 4	 0	 4	 -1	
Length of text: 2097152
	 1024	 5590551	 0	 11	 0	 11	 -1	
	 2048	 5593549	 0	 19	 0	 19	 -1	
	 4096	 5591031	 0	 14	 0	 14	 -1	
	 8192	 5591613	 0	 18	 0	 18	 -1	
	 16384	 5592029	 0	 14	 0	 14	 -1	
	 32768	 5589245	 0	 13	 0	 13	 -1	
	 65536	 5592863	 0	 12	 0	 12	 -1	
	 131072	 5595525	 0	 12	 0	 12	 -1	
	 262144	 5594651	 0	 11	 0	 11	 -1	
	 524288	 5594717	 0	 10	 0	 10	 -1	
	 1048576	 5591735	 0	 10	 0	 10	 -1	
	 2097152	 5591087	 0	 10	 0	 10	 -1	
Length of text: 4194304
	 1024	 11184315	 0	 20	 0	 20	 -1	
	 2048	 11187439	 0	 23	 0	 23	 -1	
	 4096	 11181111	 0	 20	 0	 20	 -1	
	 8192	 11188689	 0	 21	 0	 21	 -1	
	 16384	 11187599	 0	 25	 0	 25	 -1	
	 32768	 11185275	 0	 27	 0	 27	 -1	
	 65536	 11185263	 0	 26	 0	 26	 -1	
	 131072	 11187081	 0	 25	 0	 25	 -1	
	 262144	 11183605	 0	 24	 0	 24	 -1	
	 524288	 11184007	 0	 24	 0	 24	 -1	
	 1048576	 11188099	 0	 23	 0	 23	 -1	
	 2097152	 11186419	 0	 22	 0	 22	 -1	
	 4194304	 11186379	 0	 18	 0	 18	 -1	
