	 PATTERN LENGTH	 SEARCH INSPECT TIMES	 CONSTRUCT INSPECT TIMES	 SEARCH TIME(ms)	 CONSTRUCT TIME(ms)	 TOTAL TIME(ms)	 FOUND POSITION	
Length of text: 1024
	 1024	 1024	 2047	 0	 1	 1	 -1	
Length of text: 2048
	 1024	 2048	 2047	 0	 0	 0	 -1	
	 2048	 2048	 4095	 0	 1	 1	 -1	
Length of text: 4096
	 1024	 4096	 2047	 0	 0	 0	 -1	
	 2048	 4096	 4095	 0	 1	 1	 -1	
	 4096	 4096	 8191	 0	 2	 2	 -1	
Length of text: 8192
	 1024	 8192	 2047	 0	 1	 1	 -1	
	 2048	 8192	 4095	 0	 1	 1	 -1	
	 4096	 8192	 8191	 0	 2	 2	 -1	
	 8192	 8192	 16383	 0	 5	 5	 -1	
Length of text: 16384
	 1024	 16384	 2047	 0	 0	 0	 -1	
	 2048	 16384	 4095	 0	 1	 1	 -1	
	 4096	 16384	 8191	 0	 2	 2	 -1	
	 8192	 16384	 16383	 0	 5	 5	 -1	
	 16384	 16384	 32767	 0	 8	 8	 -1	
Length of text: 32768
	 1024	 32768	 2047	 0	 1	 1	 -1	
	 2048	 32768	 4095	 0	 1	 1	 -1	
	 4096	 32768	 8191	 0	 2	 2	 -1	
	 8192	 32768	 16383	 0	 5	 5	 -1	
	 16384	 32768	 32767	 0	 6	 6	 -1	
	 32768	 32768	 65535	 0	 18	 18	 -1	
Length of text: 65536
	 1024	 65536	 2047	 1	 0	 1	 -1	
	 2048	 65536	 4095	 0	 2	 2	 -1	
	 4096	 65536	 8191	 1	 1	 2	 -1	
	 8192	 65536	 16383	 0	 4	 4	 -1	
	 16384	 65536	 32767	 0	 13	 13	 -1	
	 32768	 65536	 65535	 0	 40	 40	 -1	
	 65536	 65536	 131071	 0	 46	 46	 -1	
Length of text: 131072
	 1024	 131072	 2047	 1	 0	 1	 -1	
	 2048	 131072	 4095	 0	 1	 1	 -1	
	 4096	 131072	 8191	 0	 2	 2	 -1	
	 8192	 131072	 16383	 0	 5	 5	 -1	
	 16384	 131072	 32767	 0	 8	 8	 -1	
	 32768	 131072	 65535	 0	 19	 19	 -1	
	 65536	 131072	 131071	 0	 44	 44	 -1	
	 131072	 131072	 262143	 0	 67	 67	 -1	
Length of text: 262144
	 1024	 262144	 2047	 0	 1	 1	 -1	
	 2048	 262144	 4095	 1	 0	 1	 -1	
	 4096	 262144	 8191	 0	 2	 2	 -1	
	 8192	 262144	 16383	 1	 4	 5	 -1	
	 16384	 262144	 32767	 0	 8	 8	 -1	
	 32768	 262144	 65535	 0	 37	 37	 -1	
	 65536	 262144	 131071	 0	 155	 155	 -1	
	 131072	 262144	 262143	 0	 94	 94	 -1	
	 262144	 262144	 524287	 1	 153	 154	 -1	
Length of text: 524288
	 1024	 524288	 2047	 1	 1	 2	 -1	
	 2048	 524288	 4095	 1	 0	 1	 -1	
	 4096	 524288	 8191	 0	 2	 2	 -1	
	 8192	 524288	 16383	 1	 5	 6	 -1	
	 16384	 524288	 32767	 1	 22	 23	 -1	
	 32768	 524288	 65535	 0	 18	 18	 -1	
	 65536	 524288	 131071	 1	 42	 43	 -1	
	 131072	 524288	 262143	 0	 86	 86	 -1	
	 262144	 524288	 524287	 0	 215	 217	 -1	
	 524288	 524288	 1048575	 1	 381	 382	 -1	
Length of text: 1048576
	 1024	 1048576	 2047	 1	 1	 2	 -1	
	 2048	 1048576	 4095	 2	 1	 3	 -1	
	 4096	 1048576	 8191	 2	 2	 4	 -1	
	 8192	 1048576	 16383	 2	 4	 6	 -1	
	 16384	 1048576	 32767	 2	 12	 14	 -1	
	 32768	 1048576	 65535	 1	 48	 49	 -1	
	 65536	 1048576	 131071	 2	 56	 58	 -1	
	 131072	 1048576	 262143	 1	 96	 97	 -1	
	 262144	 1048576	 524287	 2	 145	 147	 -1	
	 524288	 1048576	 1048575	 1	 611	 612	 -1	
	 1048576	 1048576	 2097151	 2	 3462	 3464	 -1	
Length of text: 2097152
	 1024	 2097152	 2047	 3	 1	 4	 -1	
	 2048	 2097152	 4095	 4	 1	 5	 -1	
	 4096	 2097152	 8191	 3	 3	 6	 -1	
	 8192	 2097152	 16383	 3	 7	 10	 -1	
	 16384	 2097152	 32767	 4	 20	 24	 -1	
	 32768	 2097152	 65535	 3	 38	 41	 -1	
	 65536	 2097152	 131071	 3	 86	 89	 -1	
	 131072	 2097152	 262143	 3	 91	 94	 -1	
	 262144	 2097152	 524287	 4	 132	 136	 -1	
	 524288	 2097152	 1048575	 5	 550	 555	 -1	
	 1048576	 2097152	 2097151	 4	 1572	 1576	 -1	
	 2097152	 2097152	 4194303	 3	 4221	 4224	 -1	
Length of text: 4194304
	 1024	 4194304	 2047	 6	 0	 6	 -1	
	 2048	 4194304	 4095	 6	 1	 7	 -1	
	 4096	 4194304	 8191	 6	 3	 9	 -1	
	 8192	 4194304	 16383	 7	 5	 12	 -1	
	 16384	 4194304	 32767	 7	 11	 18	 -1	
	 32768	 4194304	 65535	 12	 186	 198	 -1	
	 65536	 4194304	 131071	 8	 70	 78	 -1	
	 131072	 4194304	 262143	 10	 142	 152	 -1	
	 262144	 4194304	 524287	 6	 280	 286	 -1	
	 524288	 4194304	 1048575	 10	 538	 548	 -1	
	 1048576	 4194304	 2097151	 7	 1335	 1342	 -1	
	 2097152	 4194304	 4194303	 7	 4485	 4492	 -1	
	 4194304	 4194304	 8388607	 8	 19327	 19335	 -1	
