	 PATTERN LENGTH	 SEARCH INSPECT TIMES	 CONSTRUCT INSPECT TIMES	 SEARCH TIME(ms)	 CONSTRUCT TIME(ms)	 TOTAL TIME(ms)	 FOUND POSITION	
Length of text: 1024
	 1024	 1024	 2047	 0	 1	 1	 -1	
Length of text: 2048
	 1024	 2048	 2047	 0	 1	 1	 -1	
	 2048	 2048	 4095	 0	 1	 1	 -1	
Length of text: 4096
	 1024	 4096	 2047	 0	 0	 0	 -1	
	 2048	 4096	 4095	 0	 1	 1	 -1	
	 4096	 4096	 8191	 0	 1	 1	 -1	
Length of text: 8192
	 1024	 8192	 2047	 0	 0	 0	 -1	
	 2048	 8192	 4095	 0	 1	 1	 -1	
	 4096	 8192	 8191	 0	 2	 2	 -1	
	 8192	 8192	 16383	 0	 5	 5	 -1	
Length of text: 16384
	 1024	 16384	 2047	 0	 0	 0	 -1	
	 2048	 16384	 4095	 0	 1	 1	 -1	
	 4096	 16384	 8191	 0	 2	 2	 -1	
	 8192	 16384	 16383	 0	 6	 6	 -1	
	 16384	 16384	 32767	 0	 9	 9	 -1	
Length of text: 32768
	 1024	 32768	 2047	 0	 1	 1	 -1	
	 2048	 32768	 4095	 0	 2	 2	 -1	
	 4096	 32768	 8191	 1	 2	 3	 -1	
	 8192	 32768	 16383	 0	 7	 7	 -1	
	 16384	 32768	 32767	 0	 21	 21	 -1	
	 32768	 32768	 65535	 0	 25	 25	 -1	
Length of text: 65536
	 1024	 65536	 2047	 0	 0	 0	 -1	
	 2048	 65536	 4095	 0	 2	 2	 -1	
	 4096	 65536	 8191	 0	 2	 2	 -1	
	 8192	 65536	 16383	 0	 4	 4	 -1	
	 16384	 65536	 32767	 0	 11	 11	 -1	
	 32768	 65536	 65535	 0	 33	 33	 -1	
	 65536	 65536	 131071	 0	 105	 105	 -1	
Length of text: 131072
	 1024	 131072	 2047	 1	 0	 1	 -1	
	 2048	 131072	 4095	 1	 0	 1	 -1	
	 4096	 131072	 8191	 1	 1	 2	 -1	
	 8192	 131072	 16383	 0	 5	 5	 -1	
	 16384	 131072	 32767	 0	 10	 10	 -1	
	 32768	 131072	 65535	 0	 33	 33	 -1	
	 65536	 131072	 131071	 1	 46	 47	 -1	
	 131072	 131072	 262143	 1	 107	 108	 -1	
Length of text: 262144
	 1024	 262144	 2047	 0	 1	 1	 -1	
	 2048	 262144	 4095	 1	 1	 2	 -1	
	 4096	 262144	 8191	 0	 2	 2	 -1	
	 8192	 262144	 16383	 1	 4	 5	 -1	
	 16384	 262144	 32767	 0	 10	 10	 -1	
	 32768	 262144	 65535	 0	 23	 23	 -1	
	 65536	 262144	 131071	 0	 65	 65	 -1	
	 131072	 262144	 262143	 0	 284	 286	 -1	
	 262144	 262144	 524287	 1	 261	 262	 -1	
Length of text: 524288
	 1024	 524288	 2047	 1	 1	 2	 -1	
	 2048	 524288	 4095	 1	 1	 2	 -1	
	 4096	 524288	 8191	 1	 2	 3	 -1	
	 8192	 524288	 16383	 1	 6	 7	 -1	
	 16384	 524288	 32767	 1	 26	 27	 -1	
	 32768	 524288	 65535	 1	 40	 41	 -1	
	 65536	 524288	 131071	 1	 66	 67	 -1	
	 131072	 524288	 262143	 1	 88	 89	 -1	
	 262144	 524288	 524287	 1	 225	 226	 -1	
	 524288	 524288	 1048575	 1	 524	 525	 -1	
Length of text: 1048576
	 1024	 1048576	 2047	 2	 0	 2	 -1	
	 2048	 1048576	 4095	 2	 1	 3	 -1	
	 4096	 1048576	 8191	 2	 4	 6	 -1	
	 8192	 1048576	 16383	 2	 5	 7	 -1	
	 16384	 1048576	 32767	 3	 11	 14	 -1	
	 32768	 1048576	 65535	 3	 21	 24	 -1	
	 65536	 1048576	 131071	 2	 88	 90	 -1	
	 131072	 1048576	 262143	 2	 98	 100	 -1	
	 262144	 1048576	 524287	 6	 265	 271	 -1	
	 524288	 1048576	 1048575	 1	 574	 575	 -1	
	 1048576	 1048576	 2097151	 2	 1886	 1888	 -1	
Length of text: 2097152
	 1024	 2097152	 2047	 4	 1	 5	 -1	
	 2048	 2097152	 4095	 7	 2	 9	 -1	
	 4096	 2097152	 8191	 5	 4	 9	 -1	
	 8192	 2097152	 16383	 4	 8	 12	 -1	
	 16384	 2097152	 32767	 4	 31	 35	 -1	
	 32768	 2097152	 65535	 4	 54	 58	 -1	
	 65536	 2097152	 131071	 4	 72	 76	 -1	
	 131072	 2097152	 262143	 3	 81	 84	 -1	
	 262144	 2097152	 524287	 3	 310	 313	 -1	
	 524288	 2097152	 1048575	 5	 384	 389	 -1	
	 1048576	 2097152	 2097151	 3	 3542	 3545	 -1	
	 2097152	 2097152	 4194303	 3	 4319	 4322	 -1	
Length of text: 4194304
	 1024	 4194304	 2047	 6	 1	 7	 -1	
	 2048	 4194304	 4095	 10	 1	 11	 -1	
	 4096	 4194304	 8191	 6	 3	 9	 -1	
	 8192	 4194304	 16383	 7	 6	 13	 -1	
	 16384	 4194304	 32767	 8	 12	 20	 -1	
	 32768	 4194304	 65535	 9	 20	 29	 -1	
	 65536	 4194304	 131071	 13	 256	 269	 -1	
	 131072	 4194304	 262143	 8	 241	 249	 -1	
	 262144	 4194304	 524287	 7	 224	 231	 -1	
	 524288	 4194304	 1048575	 8	 491	 499	 -1	
	 1048576	 4194304	 2097151	 6	 1193	 1199	 -1	
	 2097152	 4194304	 4194303	 7	 4560	 4567	 -1	
	 4194304	 4194304	 8388607	 7	 25731	 25738	 -1	
