	 PATTERN LENGTH	 SEARCH INSPECT TIMES	 CONSTRUCT INSPECT TIMES	 SEARCH TIME(ms)	 CONSTRUCT TIME(ms)	 TOTAL TIME(ms)	 FOUND POSITION	
Length of text: 1024
	 1024	 2777	 2838	 0	 0	 0	 -1	
Length of text: 2048
	 1024	 5596	 2823	 0	 1	 1	 -1	
	 2048	 5677	 5633	 0	 0	 0	 -1	
Length of text: 4096
	 1024	 11228	 2751	 0	 0	 0	 -1	
	 2048	 10985	 5522	 0	 0	 0	 -1	
	 4096	 11153	 11127	 0	 0	 0	 -1	
Length of text: 8192
	 1024	 22573	 2769	 0	 0	 0	 -1	
	 2048	 22486	 5642	 0	 0	 0	 -1	
	 4096	 22462	 11316	 0	 0	 0	 -1	
	 8192	 22555	 22457	 0	 0	 0	 -1	
Length of text: 16384
	 1024	 44933	 2844	 0	 0	 0	 -1	
	 2048	 44891	 5696	 0	 0	 0	 -1	
	 4096	 44531	 11100	 0	 0	 0	 -1	
	 8192	 44891	 22319	 1	 0	 1	 -1	
	 16384	 44738	 44658	 0	 0	 0	 -1	
Length of text: 32768
	 1024	 90049	 2730	 0	 0	 0	 -1	
	 2048	 90139	 5567	 1	 0	 1	 -1	
	 4096	 89095	 11100	 0	 0	 0	 -1	
	 8192	 90427	 22349	 1	 0	 1	 -1	
	 16384	 88261	 44241	 0	 0	 0	 -1	
	 32768	 89731	 89234	 0	 1	 1	 -1	
Length of text: 65536
	 1024	 180395	 2823	 0	 0	 0	 -1	
	 2048	 180380	 5612	 0	 0	 0	 -1	
	 4096	 176657	 10950	 0	 0	 0	 -1	
	 8192	 176786	 22196	 0	 0	 0	 -1	
	 16384	 178916	 44892	 0	 0	 0	 -1	
	 32768	 179753	 90515	 0	 0	 0	 -1	
	 65536	 179666	 180339	 1	 0	 1	 -1	
Length of text: 131072
	 1024	 359968	 2823	 0	 0	 0	 -1	
	 2048	 360058	 5582	 1	 0	 1	 -1	
	 4096	 360436	 11208	 0	 0	 0	 -1	
	 8192	 359986	 22418	 0	 0	 0	 -1	
	 16384	 358933	 44880	 1	 0	 1	 -1	
	 32768	 360436	 90008	 0	 0	 1	 -1	
	 65536	 360427	 180051	 0	 1	 1	 -1	
	 131072	 360784	 360575	 1	 1	 2	 -1	
Length of text: 262144
	 1024	 720983	 2850	 1	 0	 1	 -1	
	 2048	 720866	 5504	 1	 0	 1	 -1	
	 4096	 717113	 11115	 1	 0	 1	 -1	
	 8192	 721175	 22826	 1	 0	 1	 -1	
	 16384	 717626	 44430	 1	 1	 2	 -1	
	 32768	 720203	 90032	 1	 0	 1	 -1	
	 65536	 720359	 180324	 2	 0	 2	 -1	
	 131072	 707900	 354083	 1	 1	 2	 -1	
	 262144	 719585	 720096	 1	 1	 2	 -1	
Length of text: 524288
	 1024	 1441534	 2799	 2	 0	 2	 -1	
	 2048	 1434358	 5588	 2	 0	 2	 -1	
	 4096	 1441546	 11310	 3	 0	 3	 -1	
	 8192	 1442023	 22589	 2	 0	 2	 -1	
	 16384	 1442023	 44964	 2	 0	 2	 -1	
	 32768	 1441327	 89675	 2	 0	 2	 -1	
	 65536	 1441930	 180501	 3	 0	 3	 -1	
	 131072	 1440127	 360695	 2	 0	 2	 -1	
	 262144	 1435459	 716376	 2	 0	 4	 -1	
	 524288	 1416133	 1417151	 2	 2	 4	 -1	
Length of text: 1048576
	 1024	 2878754	 2811	 5	 0	 5	 -1	
	 2048	 2885843	 5513	 5	 0	 5	 -1	
	 4096	 2881502	 11151	 5	 0	 5	 -1	
	 8192	 2859929	 22244	 5	 0	 5	 -1	
	 16384	 2883302	 44718	 5	 0	 5	 -1	
	 32768	 2869358	 89834	 5	 1	 6	 -1	
	 65536	 2881124	 180078	 6	 0	 6	 -1	
	 131072	 2881103	 360065	 6	 1	 7	 -1	
	 262144	 2882933	 719985	 5	 1	 7	 -1	
	 524288	 2883302	 1442000	 5	 3	 8	 -1	
	 1048576	 2883287	 2884857	 5	 5	 11	 -1	
Length of text: 2097152
	 1024	 5662141	 2736	 9	 0	 10	 -1	
	 2048	 5766085	 5570	 11	 0	 11	 -1	
	 4096	 5759365	 11208	 10	 0	 11	 -1	
	 8192	 5767201	 22649	 10	 0	 11	 -1	
	 16384	 5767009	 45108	 10	 0	 11	 -1	
	 32768	 5758510	 89882	 10	 0	 11	 -1	
	 65536	 5717212	 178644	 9	 0	 10	 -1	
	 131072	 5667802	 354536	 9	 1	 10	 -1	
	 262144	 5767609	 721035	 11	 1	 13	 -1	
	 524288	 5767633	 1439243	 10	 3	 14	 -1	
	 1048576	 5759185	 2882106	 12	 5	 18	 -1	
	 2097152	 5718472	 5716070	 9	 8	 18	 -1	
Length of text: 4194304
	 1024	 11323799	 2730	 16	 0	 18	 -1	
	 2048	 11333999	 5519	 17	 1	 19	 -1	
	 4096	 11532179	 11268	 20	 0	 21	 -1	
	 8192	 11532194	 22349	 21	 0	 22	 -1	
	 16384	 11435852	 44370	 19	 0	 20	 -1	
	 32768	 11532977	 89999	 26	 0	 28	 -1	
	 65536	 11533208	 180267	 24	 0	 26	 -1	
	 131072	 11521337	 360065	 21	 0	 23	 -1	
	 262144	 11337224	 708651	 18	 1	 21	 -1	
	 524288	 11483870	 1435472	 21	 2	 26	 -1	
	 1048576	 11533064	 2884902	 23	 5	 30	 -1	
	 2097152	 11532143	 5766044	 21	 10	 33	 -1	
	 4194304	 11472302	 11467671	 18	 17	 36	 -1	
