	 PATTERN LENGTH	 SEARCH INSPECT TIMES	 CONSTRUCT INSPECT TIMES	 SEARCH TIME(ms)	 CONSTRUCT TIME(ms)	 TOTAL TIME(ms)	 FOUND POSITION	
Length of text: 1024
	 1024	 2819	 2769	 0	 0	 0	 -1	
Length of text: 2048
	 1024	 5626	 2868	 0	 0	 0	 -1	
	 2048	 5476	 5663	 0	 0	 0	 -1	
Length of text: 4096
	 1024	 11258	 2832	 0	 0	 0	 -1	
	 2048	 11186	 5555	 0	 0	 0	 -1	
	 4096	 11255	 11220	 0	 0	 0	 -1	
Length of text: 8192
	 1024	 22675	 2814	 0	 0	 0	 -1	
	 2048	 22303	 5675	 0	 0	 0	 -1	
	 4096	 22561	 11268	 0	 0	 0	 -1	
	 8192	 22324	 22505	 0	 0	 0	 -1	
Length of text: 16384
	 1024	 45101	 2823	 0	 0	 0	 -1	
	 2048	 45149	 5642	 0	 0	 0	 -1	
	 4096	 45002	 11298	 0	 0	 0	 -1	
	 8192	 45122	 22469	 0	 0	 0	 -1	
	 16384	 45149	 45261	 0	 1	 1	 -1	
Length of text: 32768
	 1024	 90238	 2805	 0	 0	 0	 -1	
	 2048	 90133	 5492	 0	 0	 0	 -1	
	 4096	 90226	 11280	 0	 0	 0	 -1	
	 8192	 89938	 22589	 0	 0	 0	 -1	
	 16384	 90133	 45204	 0	 0	 0	 -1	
	 32768	 90052	 89972	 0	 0	 0	 -1	
Length of text: 65536
	 1024	 179702	 2751	 1	 0	 1	 -1	
	 2048	 180605	 5651	 1	 0	 1	 -1	
	 4096	 179966	 11334	 1	 0	 1	 -1	
	 8192	 179912	 22556	 0	 0	 0	 -1	
	 16384	 179885	 45120	 1	 0	 1	 -1	
	 32768	 180671	 90257	 0	 0	 0	 -1	
	 65536	 179258	 179400	 0	 0	 0	 -1	
Length of text: 131072
	 1024	 359275	 2790	 1	 0	 1	 -1	
	 2048	 360577	 5654	 1	 0	 1	 -1	
	 4096	 360676	 11181	 1	 0	 1	 -1	
	 8192	 360109	 22406	 1	 0	 1	 -1	
	 16384	 360649	 44883	 1	 0	 1	 -1	
	 32768	 360775	 89939	 1	 0	 1	 -1	
	 65536	 359677	 179793	 0	 1	 1	 -1	
	 131072	 359716	 360464	 0	 1	 1	 -1	
Length of text: 262144
	 1024	 720683	 2814	 1	 0	 1	 -1	
	 2048	 720746	 5717	 1	 0	 1	 -1	
	 4096	 720371	 11331	 1	 0	 1	 -1	
	 8192	 720662	 22685	 1	 0	 2	 -1	
	 16384	 720536	 45126	 1	 0	 1	 -1	
	 32768	 708416	 88490	 0	 0	 0	 -1	
	 65536	 720350	 179925	 1	 1	 2	 -1	
	 131072	 714635	 358031	 1	 1	 2	 -1	
	 262144	 718778	 719130	 1	 1	 2	 -1	
Length of text: 524288
	 1024	 1441105	 2766	 2	 0	 2	 -1	
	 2048	 1442392	 5726	 2	 0	 2	 -1	
	 4096	 1439503	 11289	 2	 0	 2	 -1	
	 8192	 1429300	 22427	 2	 0	 2	 -1	
	 16384	 1442722	 45063	 2	 0	 3	 -1	
	 32768	 1435666	 89993	 2	 0	 2	 -1	
	 65536	 1435060	 180180	 2	 0	 3	 -1	
	 131072	 1440994	 361049	 3	 1	 4	 -1	
	 262144	 1442581	 720468	 2	 1	 4	 -1	
	 524288	 1441147	 1440200	 2	 2	 4	 -1	
Length of text: 1048576
	 1024	 2833607	 2778	 4	 0	 4	 -1	
	 2048	 2884286	 5600	 4	 0	 4	 -1	
	 4096	 2870891	 11157	 4	 0	 5	 -1	
	 8192	 2859152	 22268	 3	 0	 4	 -1	
	 16384	 2883287	 45234	 4	 0	 5	 -1	
	 32768	 2881244	 90143	 4	 0	 5	 -1	
	 65536	 2873981	 179172	 4	 1	 5	 -1	
	 131072	 2880047	 359795	 4	 0	 5	 -1	
	 262144	 2833283	 708378	 4	 1	 5	 -1	
	 524288	 2881262	 1440257	 4	 2	 7	 -1	
	 1048576	 2833943	 2833578	 4	 3	 8	 -1	
Length of text: 2097152
	 1024	 5770546	 2793	 8	 0	 9	 -1	
	 2048	 5764795	 5780	 9	 0	 9	 -1	
	 4096	 5739925	 11286	 8	 0	 9	 -1	
	 8192	 5659003	 22004	 7	 0	 8	 -1	
	 16384	 5763310	 44985	 8	 0	 9	 -1	
	 32768	 5664793	 88769	 8	 1	 9	 -1	
	 65536	 5671885	 177342	 7	 0	 8	 -1	
	 131072	 5663572	 354233	 8	 1	 9	 -1	
	 262144	 5756788	 720912	 9	 1	 11	 -1	
	 524288	 5770042	 1440872	 9	 2	 12	 -1	
	 1048576	 5770045	 2880213	 9	 4	 14	 -1	
	 2097152	 5737024	 5742305	 8	 8	 17	 -1	
Length of text: 4194304
	 1024	 11522636	 2799	 17	 0	 18	 -1	
	 2048	 11535293	 5642	 17	 0	 19	 -1	
	 4096	 11532872	 11301	 17	 0	 18	 -1	
	 8192	 11535641	 22667	 17	 0	 18	 -1	
	 16384	 11484116	 44751	 17	 0	 18	 -1	
	 32768	 11434526	 89375	 15	 1	 17	 -1	
	 65536	 11532569	 181068	 18	 1	 22	 -1	
	 131072	 11535293	 361007	 17	 1	 19	 -1	
	 262144	 11532545	 719526	 16	 1	 18	 -1	
	 524288	 11486693	 1436927	 15	 1	 19	 -1	
	 1048576	 11334800	 2837220	 15	 3	 20	 -1	
	 2097152	 11535293	 5766398	 17	 8	 27	 -1	
	 4194304	 11534558	 11535045	 17	 16	 37	 -1	
