	 PATTERN LENGTH	 SEARCH INSPECT TIMES	 CONSTRUCT INSPECT TIMES	 SEARCH TIME(ms)	 CONSTRUCT TIME(ms)	 TOTAL TIME(ms)	 FOUND POSITION	
Length of text: 1024
	 1024	 2873	 2742	 0	 0	 0	 -1	
Length of text: 2048
	 1024	 5500	 2745	 0	 0	 0	 -1	
	 2048	 5665	 5633	 0	 0	 0	 -1	
Length of text: 4096
	 1024	 11045	 2775	 0	 0	 0	 -1	
	 2048	 10988	 5381	 0	 0	 0	 -1	
	 4096	 11327	 11310	 0	 0	 0	 -1	
Length of text: 8192
	 1024	 22573	 2832	 0	 0	 0	 -1	
	 2048	 22348	 5543	 0	 0	 0	 -1	
	 4096	 22102	 11076	 0	 0	 0	 -1	
	 8192	 22444	 22409	 0	 0	 1	 -1	
Length of text: 16384
	 1024	 45029	 2781	 1	 0	 1	 -1	
	 2048	 44963	 5564	 0	 0	 0	 -1	
	 4096	 44963	 11328	 0	 0	 0	 -1	
	 8192	 44684	 22514	 0	 1	 1	 -1	
	 16384	 45161	 45033	 1	 0	 1	 -1	
Length of text: 32768
	 1024	 89416	 2799	 0	 0	 0	 -1	
	 2048	 89353	 5540	 0	 0	 0	 -1	
	 4096	 88666	 11148	 0	 0	 0	 -1	
	 8192	 90445	 22679	 0	 0	 0	 -1	
	 16384	 88633	 44241	 0	 0	 0	 -1	
	 32768	 90364	 89867	 0	 0	 0	 -1	
Length of text: 65536
	 1024	 179741	 2748	 0	 0	 0	 -1	
	 2048	 179783	 5654	 0	 0	 0	 -1	
	 4096	 179273	 11235	 1	 0	 1	 -1	
	 8192	 180788	 22157	 1	 0	 1	 -1	
	 16384	 176660	 44529	 0	 0	 0	 -1	
	 32768	 180182	 90008	 0	 0	 0	 -1	
	 65536	 180194	 180180	 0	 1	 1	 -1	
Length of text: 131072
	 1024	 359512	 2760	 0	 0	 0	 -1	
	 2048	 360556	 5588	 0	 0	 0	 -1	
	 4096	 359023	 11163	 0	 0	 0	 -1	
	 8192	 353866	 22172	 1	 0	 1	 -1	
	 16384	 359869	 44841	 1	 0	 1	 -1	
	 32768	 359479	 90041	 1	 0	 1	 -1	
	 65536	 360880	 179895	 1	 0	 1	 -1	
	 131072	 359887	 359756	 1	 0	 1	 -1	
Length of text: 262144
	 1024	 719873	 2805	 2	 0	 2	 -1	
	 2048	 719600	 5693	 1	 0	 1	 -1	
	 4096	 720761	 11484	 2	 0	 2	 -1	
	 8192	 720572	 22430	 1	 0	 1	 -1	
	 16384	 718727	 44982	 1	 1	 2	 -1	
	 32768	 721682	 89984	 1	 0	 1	 -1	
	 65536	 720653	 179814	 1	 0	 2	 -1	
	 131072	 717671	 358550	 2	 1	 3	 -1	
	 262144	 717482	 716739	 2	 1	 3	 -1	
Length of text: 524288
	 1024	 1417732	 2679	 2	 0	 2	 -1	
	 2048	 1435000	 5528	 3	 0	 3	 -1	
	 4096	 1440397	 11151	 3	 0	 3	 -1	
	 8192	 1439533	 22415	 2	 0	 2	 -1	
	 16384	 1440607	 44889	 2	 0	 3	 -1	
	 32768	 1442287	 90134	 3	 0	 3	 -1	
	 65536	 1439626	 179829	 3	 0	 3	 -1	
	 131072	 1441828	 360176	 3	 1	 4	 -1	
	 262144	 1439317	 719724	 3	 2	 5	 -1	
	 524288	 1417462	 1416773	 2	 2	 5	 -1	
Length of text: 1048576
	 1024	 2886320	 2811	 6	 0	 7	 -1	
	 2048	 2886086	 5543	 6	 0	 6	 -1	
	 4096	 2883035	 11292	 5	 0	 5	 -1	
	 8192	 2886260	 22427	 6	 0	 7	 -1	
	 16384	 2880503	 45075	 6	 0	 6	 -1	
	 32768	 2881271	 90098	 5	 0	 6	 -1	
	 65536	 2832623	 177480	 5	 1	 6	 -1	
	 131072	 2833313	 353651	 4	 0	 5	 -1	
	 262144	 2881004	 719121	 5	 2	 8	 -1	
	 524288	 2881154	 1441502	 4	 3	 7	 -1	
	 1048576	 2832437	 2835378	 6	 5	 11	 -1	
Length of text: 2097152
	 1024	 5714437	 2775	 11	 0	 12	 -1	
	 2048	 5767801	 5642	 14	 0	 16	 -1	
	 4096	 5763145	 11214	 14	 0	 15	 -1	
	 8192	 5736595	 22502	 15	 1	 17	 -1	
	 16384	 5768548	 45063	 16	 1	 17	 -1	
	 32768	 5764165	 89996	 13	 0	 13	 -1	
	 65536	 5736721	 179367	 11	 0	 12	 -1	
	 131072	 5669845	 354632	 10	 1	 11	 -1	
	 262144	 5769025	 720231	 10	 1	 12	 -1	
	 524288	 5744407	 1435574	 10	 2	 13	 -1	
	 1048576	 5767801	 2885049	 11	 4	 17	 -1	
	 2097152	 5767714	 5766809	 11	 10	 22	 -1	
Length of text: 4194304
	 1024	 11531759	 2823	 20	 0	 22	 -1	
	 2048	 11434505	 5597	 19	 0	 20	 -1	
	 4096	 11479013	 11265	 19	 0	 21	 -1	
	 8192	 11522771	 22373	 22	 0	 23	 -1	
	 16384	 11436218	 44544	 23	 0	 25	 -1	
	 32768	 11522120	 90278	 26	 0	 26	 -1	
	 65536	 11522177	 179349	 25	 0	 27	 -1	
	 131072	 11338007	 354329	 22	 1	 25	 -1	
	 262144	 11472962	 716448	 23	 1	 26	 -1	
	 524288	 11531756	 1440800	 22	 2	 26	 -1	
	 1048576	 11532995	 2881902	 21	 5	 28	 -1	
	 2097152	 11532509	 5765393	 20	 10	 31	 -1	
	 4194304	 11436857	 11434476	 14	 15	 33	 -1	
