	 PATTERN LENGTH	 SEARCH INSPECT TIMES	 CONSTRUCT INSPECT TIMES	 SEARCH TIME(ms)	 CONSTRUCT TIME(ms)	 TOTAL TIME(ms)	 FOUND POSITION	
Length of text: 1024
	 1024	 2049	 0	 0	 0	 0	 0	
Length of text: 2048
	 1024	 5777	 0	 0	 0	 0	 712	
	 2048	 4097	 0	 0	 0	 0	 0	
Length of text: 4096
	 1024	 2817	 0	 0	 0	 0	 154	
	 2048	 11865	 0	 0	 0	 0	 1585	
	 4096	 8193	 0	 0	 0	 0	 0	
Length of text: 8192
	 1024	 4235	 0	 0	 0	 0	 457	
	 2048	 14595	 0	 0	 0	 0	 2055	
	 4096	 10641	 0	 0	 0	 0	 471	
	 8192	 16385	 0	 0	 0	 0	 0	
Length of text: 16384
	 1024	 75217	 0	 0	 0	 0	 14602	
	 2048	 70355	 0	 0	 0	 0	 13232	
	 4096	 45439	 0	 0	 0	 0	 7484	
	 8192	 19695	 0	 0	 0	 0	 668	
	 16384	 32769	 0	 0	 0	 0	 0	
Length of text: 32768
	 1024	 56157	 0	 0	 0	 0	 10818	
	 2048	 81133	 0	 0	 0	 0	 15548	
	 4096	 108159	 0	 0	 0	 0	 19898	
	 8192	 123843	 0	 0	 0	 0	 21569	
	 16384	 39339	 0	 0	 0	 0	 1324	
	 32768	 65537	 0	 0	 0	 0	 0	
Length of text: 65536
	 1024	 299049	 0	 1	 0	 1	 59504	
	 2048	 82945	 0	 0	 0	 0	 15737	
	 4096	 68139	 0	 0	 0	 0	 11938	
	 8192	 176081	 0	 1	 0	 1	 31999	
	 16384	 54497	 0	 0	 0	 0	 4357	
	 32768	 224683	 0	 1	 0	 1	 31947	
	 65536	 131073	 0	 0	 0	 0	 0	
Length of text: 131072
	 1024	 115837	 0	 1	 0	 1	 22846	
	 2048	 303739	 0	 1	 0	 1	 60236	
	 4096	 394215	 0	 1	 0	 1	 77320	
	 8192	 574951	 0	 2	 0	 2	 111827	
	 16384	 439565	 0	 1	 0	 1	 81714	
	 32768	 445801	 0	 2	 0	 2	 76471	
	 65536	 214131	 0	 0	 0	 0	 16401	
	 131072	 262145	 0	 0	 0	 0	 0	
Length of text: 262144
	 1024	 197947	 0	 0	 0	 0	 39219	
	 2048	 543955	 0	 1	 0	 1	 107718	
	 4096	 283365	 0	 1	 0	 1	 55234	
	 8192	 802191	 0	 2	 0	 2	 156914	
	 16384	 425593	 0	 1	 0	 1	 78241	
	 32768	 384183	 0	 1	 0	 1	 63711	
	 65536	 170345	 0	 1	 0	 1	 7873	
	 131072	 378321	 0	 1	 0	 1	 23267	
	 262144	 524289	 0	 1	 0	 1	 0	
Length of text: 524288
	 1024	 1685423	 0	 2	 0	 2	 337379	
	 2048	 932257	 0	 1	 0	 1	 185391	
	 4096	 856673	 0	 2	 0	 2	 170257	
	 8192	 1891927	 0	 3	 0	 3	 375589	
	 16384	 2158899	 0	 4	 0	 4	 426526	
	 32768	 1981731	 0	 3	 0	 3	 383707	
	 65536	 666133	 0	 1	 0	 1	 107393	
	 131072	 262399	 0	 0	 0	 0	 49	
	 262144	 1201153	 0	 2	 0	 2	 135070	
	 524288	 1048577	 0	 1	 0	 1	 0	
Length of text: 1048576
	 1024	 386457	 0	 1	 0	 1	 76871	
	 2048	 2458763	 0	 4	 0	 4	 491546	
	 4096	 2766501	 0	 5	 0	 5	 550752	
	 8192	 4389549	 0	 8	 0	 8	 875343	
	 16384	 5131037	 0	 9	 0	 9	 1018541	
	 32768	 3846483	 0	 6	 0	 6	 755836	
	 65536	 4153323	 0	 7	 0	 7	 805249	
	 131072	 3198199	 0	 6	 0	 6	 587287	
	 262144	 2171011	 0	 3	 0	 3	 328877	
	 524288	 1260679	 0	 1	 0	 1	 42390	
	 1048576	 2097153	 0	 2	 0	 2	 0	
Length of text: 2097152
	 1024	 2648367	 0	 5	 0	 5	 529932	
	 2048	 6749209	 0	 13	 0	 13	 1348543	
	 4096	 2116087	 0	 5	 0	 5	 420696	
	 8192	 8168359	 0	 15	 0	 15	 1631125	
	 16384	 3610455	 0	 7	 0	 7	 714760	
	 32768	 10034055	 0	 21	 0	 21	 1993272	
	 65536	 7869465	 0	 15	 0	 15	 1548072	
	 131072	 3609589	 0	 6	 0	 6	 669809	
	 262144	 2157911	 0	 4	 0	 4	 325677	
	 524288	 5981429	 0	 10	 0	 10	 987076	
	 1048576	 4106931	 0	 5	 0	 5	 402684	
	 2097152	 4194305	 0	 4	 0	 4	 0	
Length of text: 4194304
	 1024	 5568891	 0	 11	 0	 11	 1114080	
	 2048	 6323957	 0	 12	 0	 12	 1263593	
	 4096	 16944779	 0	 30	 0	 30	 3386586	
	 8192	 1560877	 0	 4	 0	 4	 308470	
	 16384	 164721	 0	 1	 0	 1	 26319	
	 32768	 13751501	 0	 26	 0	 26	 2737139	
	 65536	 9529187	 0	 19	 0	 19	 1878871	
	 131072	 12336351	 0	 23	 0	 23	 2414466	
	 262144	 5513761	 0	 12	 0	 12	 998777	
	 524288	 17894277	 0	 34	 0	 34	 3371137	
	 1048576	 15112741	 0	 27	 0	 27	 2604258	
	 2097152	 13645547	 0	 20	 0	 20	 1889337	
	 4194304	 8388609	 0	 6	 0	 6	 0	
