	 PATTERN LENGTH	 SEARCH INSPECT TIMES	 CONSTRUCT INSPECT TIMES	 SEARCH TIME(ms)	 CONSTRUCT TIME(ms)	 TOTAL TIME(ms)	 FOUND POSITION	
Length of text: 1024
	 1024	 2049	 0	 1	 0	 1	 0	
Length of text: 2048
	 1024	 3669	 0	 0	 0	 0	 325	
	 2048	 4097	 0	 0	 0	 0	 0	
Length of text: 4096
	 1024	 5731	 0	 0	 0	 0	 733	
	 2048	 10623	 0	 0	 0	 0	 1340	
	 4096	 8193	 0	 0	 0	 0	 0	
Length of text: 8192
	 1024	 18623	 0	 1	 0	 1	 3288	
	 2048	 22959	 0	 1	 0	 1	 3744	
	 4096	 18813	 0	 1	 0	 1	 2120	
	 8192	 16385	 0	 0	 0	 0	 0	
Length of text: 16384
	 1024	 63723	 0	 1	 0	 1	 12268	
	 2048	 70633	 0	 0	 0	 0	 13185	
	 4096	 38589	 0	 0	 0	 0	 6107	
	 8192	 40319	 0	 0	 0	 0	 4763	
	 16384	 32769	 0	 0	 0	 0	 0	
Length of text: 32768
	 1024	 67301	 0	 0	 0	 0	 13050	
	 2048	 25561	 0	 0	 0	 0	 4354	
	 4096	 107669	 0	 0	 0	 0	 19888	
	 8192	 101089	 0	 0	 0	 0	 17005	
	 16384	 47969	 0	 0	 0	 0	 3083	
	 32768	 65537	 0	 0	 0	 0	 0	
Length of text: 65536
	 1024	 165351	 0	 0	 0	 0	 32662	
	 2048	 39315	 0	 1	 0	 1	 7080	
	 4096	 195243	 0	 1	 0	 1	 37423	
	 8192	 51425	 0	 0	 0	 0	 6971	
	 16384	 136213	 0	 1	 0	 1	 20677	
	 32768	 74997	 0	 0	 0	 0	 1922	
	 65536	 131073	 0	 0	 0	 0	 0	
Length of text: 131072
	 1024	 88877	 0	 0	 0	 0	 17022	
	 2048	 75985	 0	 1	 0	 1	 14642	
	 4096	 350581	 0	 1	 0	 1	 68276	
	 8192	 309303	 0	 0	 0	 0	 58996	
	 16384	 523573	 0	 0	 0	 0	 98115	
	 32768	 423979	 0	 1	 0	 1	 71948	
	 65536	 309787	 0	 0	 0	 0	 35458	
	 131072	 262145	 0	 0	 0	 0	 0	
Length of text: 262144
	 1024	 1178317	 0	 2	 0	 2	 235264	
	 2048	 684129	 0	 1	 0	 1	 136366	
	 4096	 866153	 0	 1	 0	 1	 170857	
	 8192	 552481	 0	 1	 0	 1	 106990	
	 16384	 1099341	 0	 2	 0	 2	 213921	
	 32768	 1150063	 0	 1	 0	 1	 216034	
	 65536	 349393	 0	 0	 0	 0	 43608	
	 131072	 652807	 0	 1	 0	 1	 77983	
	 262144	 524289	 0	 1	 0	 1	 0	
Length of text: 524288
	 1024	 1746167	 0	 3	 0	 3	 348583	
	 2048	 823639	 0	 1	 0	 1	 163702	
	 4096	 148253	 0	 0	 0	 0	 27933	
	 8192	 2320075	 0	 4	 0	 4	 460286	
	 16384	 97477	 0	 0	 0	 0	 12866	
	 32768	 2054189	 0	 3	 0	 3	 397520	
	 65536	 1116261	 0	 2	 0	 2	 196690	
	 131072	 1415115	 0	 3	 0	 3	 231053	
	 262144	 811647	 0	 1	 0	 1	 57420	
	 524288	 1048577	 0	 1	 0	 1	 0	
Length of text: 1048576
	 1024	 4109753	 0	 8	 0	 8	 820920	
	 2048	 129165	 0	 1	 0	 1	 25164	
	 4096	 3760937	 0	 6	 0	 6	 750585	
	 8192	 5073235	 0	 9	 0	 9	 1012022	
	 16384	 2367467	 0	 4	 0	 4	 467237	
	 32768	 4058125	 0	 6	 0	 6	 798802	
	 65536	 1860761	 0	 3	 0	 3	 345417	
	 131072	 439331	 0	 0	 0	 0	 35407	
	 262144	 3518893	 0	 5	 0	 5	 599125	
	 524288	 1943415	 0	 2	 0	 2	 179165	
	 1048576	 2097153	 0	 1	 0	 1	 0	
Length of text: 2097152
	 1024	 10060765	 0	 17	 0	 17	 2011813	
	 2048	 8975679	 0	 14	 0	 14	 1794985	
	 4096	 170299	 0	 1	 0	 1	 32304	
	 8192	 4992499	 0	 10	 0	 10	 993115	
	 16384	 709163	 0	 2	 0	 2	 135638	
	 32768	 6421415	 0	 10	 0	 10	 1272472	
	 65536	 1265775	 0	 2	 0	 2	 226954	
	 131072	 2406083	 0	 4	 0	 4	 428207	
	 262144	 5242273	 0	 9	 0	 9	 942882	
	 524288	 1845867	 0	 3	 0	 3	 160061	
	 1048576	 4817773	 0	 7	 0	 7	 543627	
	 2097152	 4194305	 0	 3	 0	 3	 0	
Length of text: 4194304
	 1024	 4366189	 0	 8	 0	 8	 872594	
	 2048	 7158851	 0	 12	 0	 12	 1430620	
	 4096	 6770073	 0	 12	 0	 12	 1352293	
	 8192	 15076855	 0	 25	 0	 25	 3012314	
	 16384	 1236431	 0	 3	 0	 3	 240906	
	 32768	 13894037	 0	 23	 0	 23	 2765685	
	 65536	 7088245	 0	 12	 0	 12	 1391530	
	 131072	 319399	 0	 1	 0	 1	 11486	
	 262144	 13568353	 0	 22	 0	 22	 2608468	
	 524288	 14586435	 0	 24	 0	 24	 2708278	
	 1048576	 15887629	 0	 24	 0	 24	 2758437	
	 2097152	 11178051	 0	 35	 0	 35	 1397069	
	 4194304	 8388609	 0	 6	 0	 6	 0	
