	 PATTERN LENGTH	 SEARCH INSPECT TIMES	 CONSTRUCT INSPECT TIMES	 SEARCH TIME(ms)	 CONSTRUCT TIME(ms)	 TOTAL TIME(ms)	 FOUND POSITION	
Length of text: 1024
	 1024	 2049	 0	 0	 0	 0	 0	
Length of text: 2048
	 1024	 3111	 0	 0	 0	 0	 233	
	 2048	 4097	 0	 0	 0	 0	 0	
Length of text: 4096
	 1024	 15271	 0	 0	 0	 0	 2658	
	 2048	 13259	 0	 0	 0	 0	 1843	
	 4096	 8193	 0	 0	 0	 0	 0	
Length of text: 8192
	 1024	 31475	 0	 0	 0	 0	 5831	
	 2048	 6599	 0	 0	 0	 0	 497	
	 4096	 12145	 0	 0	 0	 0	 774	
	 8192	 16385	 0	 0	 0	 0	 0	
Length of text: 16384
	 1024	 32613	 0	 0	 0	 0	 6116	
	 2048	 64283	 0	 0	 0	 0	 12140	
	 4096	 69661	 0	 0	 0	 0	 12243	
	 8192	 20319	 0	 0	 0	 0	 795	
	 16384	 32769	 0	 0	 0	 0	 0	
Length of text: 32768
	 1024	 139315	 0	 1	 0	 1	 27362	
	 2048	 132497	 0	 1	 0	 1	 25660	
	 4096	 28577	 0	 0	 0	 0	 4067	
	 8192	 38797	 0	 0	 0	 0	 4521	
	 16384	 66131	 0	 0	 0	 0	 6677	
	 32768	 65537	 0	 0	 0	 0	 0	
Length of text: 65536
	 1024	 19617	 0	 0	 0	 0	 3546	
	 2048	 8761	 0	 0	 0	 0	 912	
	 4096	 249063	 0	 1	 0	 1	 48011	
	 8192	 46609	 0	 0	 0	 0	 6018	
	 16384	 220153	 0	 0	 0	 0	 37646	
	 32768	 113889	 0	 1	 0	 1	 9753	
	 65536	 131073	 0	 0	 0	 0	 0	
Length of text: 131072
	 1024	 65833	 0	 0	 0	 0	 12814	
	 2048	 280049	 0	 0	 0	 0	 55050	
	 4096	 212345	 0	 0	 0	 0	 40890	
	 8192	 77653	 0	 0	 0	 0	 12296	
	 16384	 562039	 0	 1	 0	 1	 106038	
	 32768	 482855	 0	 1	 0	 1	 83540	
	 65536	 366149	 0	 1	 0	 1	 46765	
	 131072	 262145	 0	 0	 0	 0	 0	
Length of text: 262144
	 1024	 930225	 0	 2	 0	 2	 185189	
	 2048	 618301	 0	 1	 0	 1	 123253	
	 4096	 1016195	 0	 1	 0	 1	 201820	
	 8192	 447127	 0	 1	 0	 1	 85716	
	 16384	 709523	 0	 1	 0	 1	 135634	
	 32768	 935867	 0	 2	 0	 2	 174270	
	 65536	 587371	 0	 1	 0	 1	 91505	
	 131072	 290035	 0	 0	 0	 0	 5623	
	 262144	 524289	 0	 1	 0	 1	 0	
Length of text: 524288
	 1024	 1076885	 0	 2	 0	 2	 215285	
	 2048	 1952889	 0	 4	 0	 4	 389331	
	 4096	 210089	 0	 1	 0	 1	 40561	
	 8192	 1485703	 0	 2	 0	 2	 293835	
	 16384	 210807	 0	 0	 0	 0	 35786	
	 32768	 1081875	 0	 1	 0	 1	 203469	
	 65536	 1697969	 0	 3	 0	 3	 313923	
	 131072	 1155729	 0	 2	 0	 2	 178558	
	 262144	 923073	 0	 1	 0	 1	 79807	
	 524288	 1048577	 0	 1	 0	 1	 0	
Length of text: 1048576
	 1024	 3164197	 0	 5	 0	 5	 632623	
	 2048	 4093535	 0	 7	 0	 7	 818083	
	 4096	 2212615	 0	 4	 0	 4	 440264	
	 8192	 3192627	 0	 5	 0	 5	 635534	
	 16384	 2905505	 0	 5	 0	 5	 574629	
	 32768	 1630911	 0	 2	 0	 2	 313969	
	 65536	 3389807	 0	 5	 0	 5	 651782	
	 131072	 330785	 0	 1	 0	 1	 13859	
	 262144	 2550183	 0	 4	 0	 4	 405555	
	 524288	 2995899	 0	 4	 0	 4	 388772	
	 1048576	 2097153	 0	 1	 0	 1	 0	
Length of text: 2097152
	 1024	 2086649	 0	 5	 0	 5	 417196	
	 2048	 2916173	 0	 6	 0	 6	 581343	
	 4096	 4654497	 0	 9	 0	 9	 930271	
	 8192	 1123543	 0	 3	 0	 3	 220168	
	 16384	 4701115	 0	 8	 0	 8	 934704	
	 32768	 8486187	 0	 14	 0	 14	 1684907	
	 65536	 7705313	 0	 13	 0	 13	 1515425	
	 131072	 987677	 0	 2	 0	 2	 145816	
	 262144	 4453433	 0	 7	 0	 7	 786896	
	 524288	 2403969	 0	 3	 0	 3	 270550	
	 1048576	 7266333	 0	 11	 0	 11	 1035246	
	 2097152	 4194305	 0	 3	 0	 3	 0	
Length of text: 4194304
	 1024	 12941013	 0	 22	 0	 22	 2588743	
	 2048	 9072861	 0	 16	 0	 16	 1813361	
	 4096	 7819405	 0	 13	 0	 13	 1562308	
	 8192	 8150255	 0	 14	 0	 14	 1626442	
	 16384	 12320433	 0	 21	 0	 21	 2457169	
	 32768	 18965257	 0	 31	 0	 31	 3779336	
	 65536	 12275341	 0	 20	 0	 20	 2429179	
	 131072	 14631505	 0	 25	 0	 25	 2875026	
	 262144	 1582955	 0	 3	 0	 3	 212240	
	 524288	 17346933	 0	 28	 0	 28	 3258796	
	 1048576	 11110291	 0	 16	 0	 16	 1801565	
	 2097152	 6253351	 0	 7	 0	 7	 412228	
	 4194304	 8388609	 0	 7	 0	 7	 0	
