	 PATTERN LENGTH	 SEARCH INSPECT TIMES	 CONSTRUCT INSPECT TIMES	 SEARCH TIME(ms)	 CONSTRUCT TIME(ms)	 TOTAL TIME(ms)	 FOUND POSITION	
Length of text: 1024
	 1024	 2047	 0	 0	 0	 0	 0	
Length of text: 2048
	 1024	 5025	 0	 0	 0	 0	 712	
	 2048	 4095	 0	 0	 0	 0	 0	
Length of text: 4096
	 1024	 2665	 0	 0	 0	 0	 154	
	 2048	 10299	 0	 0	 0	 0	 1585	
	 4096	 8191	 0	 0	 0	 0	 0	
Length of text: 8192
	 1024	 3793	 0	 0	 0	 0	 457	
	 2048	 12437	 0	 0	 0	 0	 2055	
	 4096	 10157	 0	 0	 0	 0	 471	
	 8192	 16383	 0	 0	 0	 0	 0	
Length of text: 16384
	 1024	 60451	 0	 0	 0	 0	 14602	
	 2048	 56967	 0	 0	 0	 0	 13232	
	 4096	 38025	 0	 0	 0	 0	 7484	
	 8192	 19019	 0	 0	 0	 0	 668	
	 16384	 32767	 0	 0	 0	 0	 0	
Length of text: 32768
	 1024	 45361	 0	 0	 0	 0	 10818	
	 2048	 65681	 0	 0	 0	 0	 15548	
	 4096	 88191	 0	 0	 0	 0	 19898	
	 8192	 102343	 0	 0	 0	 0	 21569	
	 16384	 38015	 0	 1	 0	 1	 1324	
	 32768	 65535	 0	 0	 0	 0	 0	
Length of text: 65536
	 1024	 239707	 0	 0	 0	 0	 59504	
	 2048	 67181	 0	 0	 0	 0	 15737	
	 4096	 56167	 0	 1	 0	 1	 11938	
	 8192	 144249	 0	 0	 0	 0	 31999	
	 16384	 50191	 0	 0	 0	 0	 4357	
	 32768	 192901	 0	 0	 0	 0	 31947	
	 65536	 131071	 0	 0	 0	 0	 0	
Length of text: 131072
	 1024	 93169	 0	 0	 0	 0	 22846	
	 2048	 243795	 0	 0	 0	 0	 60236	
	 4096	 317429	 0	 1	 0	 1	 77320	
	 8192	 463743	 0	 1	 0	 1	 111827	
	 16384	 358473	 0	 1	 0	 1	 81714	
	 32768	 369845	 0	 0	 0	 0	 76471	
	 65536	 197467	 0	 1	 0	 1	 16401	
	 131072	 262143	 0	 0	 0	 0	 0	
Length of text: 262144
	 1024	 158785	 0	 1	 0	 1	 39219	
	 2048	 435833	 0	 1	 0	 1	 107718	
	 4096	 228207	 0	 1	 0	 1	 55234	
	 8192	 644985	 0	 1	 0	 1	 156914	
	 16384	 347025	 0	 0	 0	 0	 78241	
	 32768	 320655	 0	 0	 0	 0	 63711	
	 65536	 162541	 0	 0	 0	 0	 7873	
	 131072	 355037	 0	 0	 0	 0	 23267	
	 262144	 524287	 0	 0	 0	 0	 0	
Length of text: 524288
	 1024	 1349421	 0	 3	 0	 3	 337379	
	 2048	 746571	 0	 2	 0	 2	 185391	
	 4096	 686879	 0	 1	 0	 1	 170257	
	 8192	 1517801	 0	 2	 0	 2	 375589	
	 16384	 1733805	 0	 3	 0	 3	 426526	
	 32768	 1599317	 0	 2	 0	 2	 383707	
	 65536	 559417	 0	 1	 0	 1	 107393	
	 131072	 262345	 0	 1	 0	 1	 49	
	 262144	 1065437	 0	 1	 0	 1	 135070	
	 524288	 1048575	 0	 1	 0	 1	 0	
Length of text: 1048576
	 1024	 309677	 0	 0	 0	 0	 76871	
	 2048	 1967321	 0	 3	 0	 3	 491546	
	 4096	 2215643	 0	 3	 0	 3	 550752	
	 8192	 3515053	 0	 5	 0	 5	 875343	
	 16384	 4112091	 0	 6	 0	 6	 1018541	
	 32768	 3089741	 0	 5	 0	 5	 755836	
	 65536	 3348847	 0	 5	 0	 5	 805249	
	 131072	 2610923	 0	 4	 0	 4	 587287	
	 262144	 1842229	 0	 3	 0	 3	 328877	
	 524288	 1218075	 0	 2	 0	 2	 42390	
	 1048576	 2097151	 0	 1	 0	 1	 0	
Length of text: 2097152
	 1024	 2119457	 0	 4	 0	 4	 529932	
	 2048	 5400031	 0	 10	 0	 10	 1348543	
	 4096	 1694425	 0	 3	 0	 3	 420696	
	 8192	 6537427	 0	 12	 0	 12	 1631125	
	 16384	 2894687	 0	 5	 0	 5	 714760	
	 32768	 8040319	 0	 14	 0	 14	 1993272	
	 65536	 6321249	 0	 10	 0	 10	 1548072	
	 131072	 2940585	 0	 6	 0	 6	 669809	
	 262144	 1831097	 0	 3	 0	 3	 325677	
	 524288	 4994857	 0	 9	 0	 9	 987076	
	 1048576	 3705271	 0	 7	 0	 7	 402684	
	 2097152	 4194303	 0	 4	 0	 4	 0	
Length of text: 4194304
	 1024	 4455515	 0	 8	 0	 8	 1114080	
	 2048	 5059713	 0	 10	 0	 10	 1263593	
	 4096	 13557163	 0	 24	 0	 24	 3386586	
	 8192	 1252033	 0	 3	 0	 3	 308470	
	 16384	 138139	 0	 1	 0	 1	 26319	
	 32768	 11013633	 0	 19	 0	 19	 2737139	
	 65536	 7649359	 0	 15	 0	 15	 1878871	
	 131072	 9922543	 0	 149	 0	 149	 2414466	
	 262144	 4515825	 0	 9	 0	 9	 998777	
	 524288	 14524199	 0	 25	 0	 25	 3371137	
	 1048576	 12509421	 0	 20	 0	 20	 2604258	
	 2097152	 11755407	 0	 17	 0	 17	 1889337	
	 4194304	 8388607	 0	 8	 0	 8	 0	
