	 PATTERN LENGTH	 SEARCH INSPECT TIMES	 CONSTRUCT INSPECT TIMES	 SEARCH TIME(ms)	 CONSTRUCT TIME(ms)	 TOTAL TIME(ms)	 FOUND POSITION	
Length of text: 1024
	 1024	 2047	 0	 0	 0	 1	 0	
Length of text: 2048
	 1024	 3317	 0	 0	 0	 0	 325	
	 2048	 4095	 0	 1	 0	 1	 0	
Length of text: 4096
	 1024	 4997	 0	 0	 0	 0	 733	
	 2048	 9313	 0	 0	 0	 0	 1340	
	 4096	 8191	 0	 0	 0	 0	 0	
Length of text: 8192
	 1024	 15373	 0	 0	 0	 0	 3288	
	 2048	 19257	 0	 0	 0	 0	 3744	
	 4096	 16675	 0	 0	 0	 0	 2120	
	 8192	 16383	 0	 0	 0	 0	 0	
Length of text: 16384
	 1024	 51345	 0	 2	 0	 2	 12268	
	 2048	 57339	 0	 1	 0	 1	 13185	
	 4096	 32525	 0	 0	 0	 0	 6107	
	 8192	 35529	 0	 0	 0	 0	 4763	
	 16384	 32767	 0	 0	 0	 0	 0	
Length of text: 32768
	 1024	 54247	 0	 1	 0	 1	 13050	
	 2048	 21287	 0	 1	 0	 1	 4354	
	 4096	 87707	 0	 0	 0	 0	 19888	
	 8192	 84025	 0	 0	 0	 0	 17005	
	 16384	 44933	 0	 0	 0	 0	 3083	
	 32768	 65535	 0	 0	 0	 0	 0	
Length of text: 65536
	 1024	 132773	 0	 1	 0	 1	 32662	
	 2048	 32301	 0	 0	 0	 0	 7080	
	 4096	 157837	 0	 0	 0	 0	 37423	
	 8192	 44395	 0	 0	 0	 0	 6971	
	 16384	 115483	 0	 0	 0	 0	 20677	
	 32768	 73111	 0	 0	 0	 0	 1922	
	 65536	 131071	 0	 0	 0	 0	 0	
Length of text: 131072
	 1024	 71523	 0	 0	 0	 0	 17022	
	 2048	 61655	 0	 0	 0	 0	 14642	
	 4096	 281905	 0	 0	 0	 0	 68276	
	 8192	 250719	 0	 1	 0	 1	 58996	
	 16384	 425083	 0	 0	 0	 0	 98115	
	 32768	 352459	 0	 0	 0	 0	 71948	
	 65536	 273881	 0	 0	 0	 0	 35458	
	 131072	 262143	 0	 0	 0	 0	 0	
Length of text: 262144
	 1024	 942245	 0	 2	 0	 2	 235264	
	 2048	 548349	 0	 0	 0	 0	 136366	
	 4096	 694147	 0	 1	 0	 1	 170857	
	 8192	 445055	 0	 1	 0	 1	 106990	
	 16384	 886443	 0	 1	 0	 1	 213921	
	 32768	 932949	 0	 2	 0	 2	 216034	
	 65536	 305583	 0	 1	 0	 1	 43608	
	 131072	 574143	 0	 1	 0	 1	 77983	
	 262144	 524287	 0	 0	 0	 0	 0	
Length of text: 524288
	 1024	 1397065	 0	 2	 0	 2	 348583	
	 2048	 659413	 0	 1	 0	 1	 163702	
	 4096	 120093	 0	 0	 0	 0	 27933	
	 8192	 1859179	 0	 3	 0	 3	 460286	
	 16384	 84533	 0	 0	 0	 0	 12866	
	 32768	 1656009	 0	 2	 0	 2	 397520	
	 65536	 918947	 0	 1	 0	 1	 196690	
	 131072	 1184535	 0	 1	 0	 1	 231053	
	 262144	 754251	 0	 1	 0	 1	 57420	
	 524288	 1048575	 0	 0	 0	 0	 0	
Length of text: 1048576
	 1024	 3288725	 0	 5	 0	 5	 820920	
	 2048	 104231	 0	 1	 0	 1	 25164	
	 4096	 3010405	 0	 4	 0	 4	 750585	
	 8192	 4061311	 0	 6	 0	 6	 1012022	
	 16384	 1900751	 0	 3	 0	 3	 467237	
	 32768	 3259441	 0	 5	 0	 5	 798802	
	 65536	 1515083	 0	 3	 0	 3	 345417	
	 131072	 403747	 0	 1	 0	 1	 35407	
	 262144	 2919639	 0	 4	 0	 4	 599125	
	 524288	 1764533	 0	 2	 0	 2	 179165	
	 1048576	 2097151	 0	 2	 0	 2	 0	
Length of text: 2097152
	 1024	 8050053	 0	 11	 0	 11	 2011813	
	 2048	 7182495	 0	 11	 0	 11	 1794985	
	 4096	 137753	 0	 1	 0	 1	 32304	
	 8192	 3997261	 0	 6	 0	 6	 993115	
	 16384	 573945	 0	 1	 0	 1	 135638	
	 32768	 5150231	 0	 7	 0	 7	 1272472	
	 65536	 1039335	 0	 2	 0	 2	 226954	
	 131072	 1976791	 0	 3	 0	 3	 428207	
	 262144	 4297299	 0	 6	 0	 6	 942882	
	 524288	 1686493	 0	 2	 0	 2	 160061	
	 1048576	 4273057	 0	 5	 0	 5	 543627	
	 2097152	 4194303	 0	 3	 0	 3	 0	
Length of text: 4194304
	 1024	 3493453	 0	 6	 0	 6	 872594	
	 2048	 5728283	 0	 10	 0	 10	 1430620	
	 4096	 5417799	 0	 9	 0	 9	 1352293	
	 8192	 12065597	 0	 19	 0	 19	 3012314	
	 16384	 995721	 0	 2	 0	 2	 240906	
	 32768	 11128111	 0	 18	 0	 18	 2765685	
	 65536	 5696859	 0	 9	 0	 9	 1391530	
	 131072	 307947	 0	 1	 0	 1	 11486	
	 262144	 10959187	 0	 17	 0	 17	 2608468	
	 524288	 11878645	 0	 18	 0	 18	 2708278	
	 1048576	 13129427	 0	 19	 0	 19	 2758437	
	 2097152	 9780925	 0	 12	 0	 12	 1397069	
	 4194304	 8388607	 0	 7	 0	 7	 0	
