	 PATTERN LENGTH	 SEARCH INSPECT TIMES	 CONSTRUCT INSPECT TIMES	 SEARCH TIME(ms)	 CONSTRUCT TIME(ms)	 TOTAL TIME(ms)	 FOUND POSITION	
Length of text: 1024
	 1024	 2047	 0	 0	 0	 0	 0	
Length of text: 2048
	 1024	 2909	 0	 0	 0	 0	 233	
	 2048	 4095	 0	 0	 0	 0	 0	
Length of text: 4096
	 1024	 12655	 0	 0	 0	 0	 2658	
	 2048	 11455	 0	 0	 0	 0	 1843	
	 4096	 8191	 0	 0	 0	 0	 0	
Length of text: 8192
	 1024	 25625	 0	 0	 0	 0	 5831	
	 2048	 6093	 0	 0	 0	 0	 497	
	 4096	 11369	 0	 0	 0	 0	 774	
	 8192	 16383	 0	 0	 0	 0	 0	
Length of text: 16384
	 1024	 26517	 0	 0	 0	 0	 6116	
	 2048	 52161	 0	 1	 0	 1	 12140	
	 4096	 57425	 0	 1	 0	 1	 12243	
	 8192	 19555	 0	 0	 0	 0	 795	
	 16384	 32767	 0	 0	 0	 0	 0	
Length of text: 32768
	 1024	 111767	 0	 0	 0	 0	 27362	
	 2048	 106729	 0	 0	 0	 0	 25660	
	 4096	 24463	 0	 0	 0	 0	 4067	
	 8192	 34315	 0	 0	 0	 0	 4521	
	 16384	 59495	 0	 0	 0	 0	 6677	
	 32768	 65535	 0	 0	 0	 0	 0	
Length of text: 65536
	 1024	 16163	 0	 0	 0	 0	 3546	
	 2048	 7827	 0	 0	 0	 0	 912	
	 4096	 201089	 0	 0	 0	 0	 48011	
	 8192	 40485	 0	 0	 0	 0	 6018	
	 16384	 182557	 0	 0	 0	 0	 37646	
	 32768	 104331	 0	 0	 0	 0	 9753	
	 65536	 131071	 0	 0	 0	 0	 0	
Length of text: 131072
	 1024	 53045	 0	 0	 0	 0	 12814	
	 2048	 224745	 0	 1	 0	 1	 55050	
	 4096	 171587	 0	 1	 0	 1	 40890	
	 8192	 65343	 0	 0	 0	 0	 12296	
	 16384	 456117	 0	 1	 0	 1	 106038	
	 32768	 399501	 0	 0	 0	 0	 83540	
	 65536	 319205	 0	 0	 0	 0	 46765	
	 131072	 262143	 0	 1	 0	 1	 0	
Length of text: 262144
	 1024	 744733	 0	 1	 0	 1	 185189	
	 2048	 495395	 0	 1	 0	 1	 123253	
	 4096	 814805	 0	 2	 0	 2	 201820	
	 8192	 360947	 0	 0	 0	 0	 85716	
	 16384	 574247	 0	 1	 0	 1	 135634	
	 32768	 761849	 0	 1	 0	 1	 174270	
	 65536	 496337	 0	 1	 0	 1	 91505	
	 131072	 284529	 0	 0	 0	 0	 5623	
	 262144	 524287	 0	 0	 0	 0	 0	
Length of text: 524288
	 1024	 862063	 0	 0	 0	 0	 215285	
	 2048	 1562605	 0	 2	 0	 2	 389331	
	 4096	 169795	 0	 0	 0	 0	 40561	
	 8192	 1191159	 0	 2	 0	 2	 293835	
	 16384	 175247	 0	 0	 0	 0	 35786	
	 32768	 878725	 0	 2	 0	 2	 203469	
	 65536	 1384909	 0	 2	 0	 2	 313923	
	 131072	 976723	 0	 1	 0	 1	 178558	
	 262144	 843405	 0	 1	 0	 1	 79807	
	 524288	 1048575	 0	 1	 0	 1	 0	
Length of text: 1048576
	 1024	 2531911	 0	 3	 0	 3	 632623	
	 2048	 3275413	 0	 5	 0	 5	 818083	
	 4096	 1771583	 0	 3	 0	 3	 440264	
	 8192	 2557507	 0	 4	 0	 4	 635534	
	 16384	 2330889	 0	 3	 0	 3	 574629	
	 32768	 1317851	 0	 2	 0	 2	 313969	
	 65536	 2738439	 0	 5	 0	 5	 651782	
	 131072	 317117	 0	 0	 0	 0	 13859	
	 262144	 2145529	 0	 3	 0	 3	 405555	
	 524288	 2606213	 0	 4	 0	 4	 388772	
	 1048576	 2097151	 0	 2	 0	 2	 0	
Length of text: 2097152
	 1024	 1670303	 0	 3	 0	 3	 417196	
	 2048	 2333733	 0	 4	 0	 4	 581343	
	 4096	 3725967	 0	 7	 0	 7	 930271	
	 8192	 901925	 0	 2	 0	 2	 220168	
	 16384	 3768117	 0	 6	 0	 6	 934704	
	 32768	 6803377	 0	 10	 0	 10	 1684907	
	 65536	 6192021	 0	 9	 0	 9	 1515425	
	 131072	 842605	 0	 1	 0	 1	 145816	
	 262144	 3668463	 0	 5	 0	 5	 786896	
	 524288	 2131867	 0	 3	 0	 3	 270550	
	 1048576	 6233067	 0	 8	 0	 8	 1035246	
	 2097152	 4194303	 0	 3	 0	 3	 0	
Length of text: 4194304
	 1024	 10352339	 0	 16	 0	 16	 2588743	
	 2048	 7260101	 0	 11	 0	 11	 1813361	
	 4096	 6257851	 0	 11	 0	 11	 1562308	
	 8192	 6524247	 0	 10	 0	 10	 1626442	
	 16384	 9863377	 0	 15	 0	 15	 2457169	
	 32768	 15185411	 0	 24	 0	 24	 3779336	
	 65536	 9846271	 0	 16	 0	 16	 2429179	
	 131072	 11756885	 0	 18	 0	 18	 2875026	
	 262144	 1371031	 0	 2	 0	 2	 212240	
	 524288	 14087461	 0	 20	 0	 20	 3258796	
	 1048576	 9308189	 0	 14	 0	 14	 1801565	
	 2097152	 5841353	 0	 7	 0	 7	 412228	
	 4194304	 8388607	 0	 8	 0	 8	 0	
