	 PATTERN LENGTH	 SEARCH INSPECT TIMES	 CONSTRUCT INSPECT TIMES	 SEARCH TIME(ms)	 CONSTRUCT TIME(ms)	 TOTAL TIME(ms)	 FOUND POSITION	
Length of text: 1024
	 1024	 1024	 2047	 0	 0	 0	 0	
Length of text: 2048
	 1024	 1257	 2047	 0	 1	 1	 233	
	 2048	 2048	 4095	 0	 1	 1	 0	
Length of text: 4096
	 1024	 3682	 2047	 0	 1	 1	 2658	
	 2048	 3891	 4095	 0	 2	 2	 1843	
	 4096	 4096	 8191	 0	 2	 2	 0	
Length of text: 8192
	 1024	 6855	 2047	 0	 0	 0	 5831	
	 2048	 2545	 4095	 0	 1	 1	 497	
	 4096	 4870	 8191	 0	 2	 2	 774	
	 8192	 8192	 16383	 0	 5	 5	 0	
Length of text: 16384
	 1024	 7140	 2047	 0	 1	 1	 6116	
	 2048	 14188	 4095	 0	 1	 1	 12140	
	 4096	 16339	 8191	 0	 2	 2	 12243	
	 8192	 8987	 16383	 0	 5	 5	 795	
	 16384	 16384	 32767	 0	 9	 9	 0	
Length of text: 32768
	 1024	 28386	 2047	 0	 0	 0	 27362	
	 2048	 27708	 4095	 0	 1	 1	 25660	
	 4096	 8163	 8191	 0	 2	 2	 4067	
	 8192	 12713	 16383	 0	 4	 4	 4521	
	 16384	 23061	 32767	 0	 8	 8	 6677	
	 32768	 32768	 65535	 0	 16	 16	 0	
Length of text: 65536
	 1024	 4570	 2047	 0	 0	 0	 3546	
	 2048	 2960	 4095	 0	 1	 1	 912	
	 4096	 52107	 8191	 0	 2	 2	 48011	
	 8192	 14210	 16383	 0	 4	 4	 6018	
	 16384	 54030	 32767	 0	 10	 10	 37646	
	 32768	 42521	 65535	 0	 17	 17	 9753	
	 65536	 65536	 131071	 0	 60	 60	 0	
Length of text: 131072
	 1024	 13838	 2047	 0	 1	 1	 12814	
	 2048	 57098	 4095	 1	 0	 1	 55050	
	 4096	 44986	 8191	 0	 2	 2	 40890	
	 8192	 20488	 16383	 0	 5	 5	 12296	
	 16384	 122422	 32767	 0	 7	 7	 106038	
	 32768	 116308	 65535	 0	 20	 20	 83540	
	 65536	 112301	 131071	 0	 87	 87	 46765	
	 131072	 131072	 262143	 0	 102	 102	 0	
Length of text: 262144
	 1024	 186213	 2047	 0	 0	 0	 185189	
	 2048	 125301	 4095	 0	 1	 1	 123253	
	 4096	 205916	 8191	 1	 1	 2	 201820	
	 8192	 93908	 16383	 0	 5	 5	 85716	
	 16384	 152018	 32767	 0	 12	 12	 135634	
	 32768	 207038	 65535	 0	 42	 42	 174270	
	 65536	 157041	 131071	 0	 62	 62	 91505	
	 131072	 136695	 262143	 0	 98	 98	 5623	
	 262144	 262144	 524287	 1	 121	 122	 0	
Length of text: 524288
	 1024	 216309	 2047	 0	 2	 2	 215285	
	 2048	 391379	 4095	 0	 1	 1	 389331	
	 4096	 44657	 8191	 0	 3	 3	 40561	
	 8192	 302027	 16383	 0	 4	 4	 293835	
	 16384	 52170	 32767	 0	 12	 12	 35786	
	 32768	 236237	 65535	 1	 38	 39	 203469	
	 65536	 379459	 131071	 1	 46	 47	 313923	
	 131072	 309630	 262143	 0	 246	 247	 178558	
	 262144	 341951	 524287	 0	 193	 193	 79807	
	 524288	 524288	 1048575	 0	 290	 290	 0	
Length of text: 1048576
	 1024	 633647	 2047	 1	 1	 2	 632623	
	 2048	 820131	 4095	 1	 1	 2	 818083	
	 4096	 444360	 8191	 0	 2	 2	 440264	
	 8192	 643726	 16383	 1	 4	 5	 635534	
	 16384	 591013	 32767	 1	 21	 22	 574629	
	 32768	 346737	 65535	 1	 31	 32	 313969	
	 65536	 717318	 131071	 1	 52	 53	 651782	
	 131072	 144931	 262143	 1	 84	 85	 13859	
	 262144	 667699	 524287	 1	 177	 178	 405555	
	 524288	 913060	 1048575	 1	 488	 489	 388772	
	 1048576	 1048576	 2097151	 1	 1664	 1665	 0	
Length of text: 2097152
	 1024	 418220	 2047	 1	 0	 1	 417196	
	 2048	 583391	 4095	 0	 2	 2	 581343	
	 4096	 934367	 8191	 1	 3	 4	 930271	
	 8192	 228360	 16383	 0	 5	 5	 220168	
	 16384	 951088	 32767	 1	 10	 11	 934704	
	 32768	 1717675	 65535	 2	 18	 20	 1684907	
	 65536	 1580961	 131071	 2	 75	 77	 1515425	
	 131072	 276888	 262143	 0	 61	 61	 145816	
	 262144	 1049040	 524287	 2	 154	 156	 786896	
	 524288	 794838	 1048575	 1	 303	 304	 270550	
	 1048576	 2083822	 2097151	 3	 1156	 1159	 1035246	
	 2097152	 2097152	 4194303	 3	 5097	 5100	 0	
Length of text: 4194304
	 1024	 2589767	 2047	 3	 1	 4	 2588743	
	 2048	 1815409	 4095	 2	 2	 4	 1813361	
	 4096	 1566404	 8191	 2	 2	 4	 1562308	
	 8192	 1634634	 16383	 2	 5	 7	 1626442	
	 16384	 2473553	 32767	 4	 11	 15	 2457169	
	 32768	 3812104	 65535	 4	 35	 39	 3779336	
	 65536	 2494715	 131071	 4	 42	 46	 2429179	
	 131072	 3006098	 262143	 4	 70	 74	 2875026	
	 262144	 474384	 524287	 0	 260	 261	 212240	
	 524288	 3783084	 1048575	 4	 408	 412	 3258796	
	 1048576	 2850141	 2097151	 4	 1639	 1643	 1801565	
	 2097152	 2509380	 4194303	 4	 7405	 7409	 412228	
	 4194304	 4194304	 8388607	 11	 19157	 19168	 0	
