	 PATTERN LENGTH	 SEARCH INSPECT TIMES	 CONSTRUCT INSPECT TIMES	 SEARCH TIME(ms)	 CONSTRUCT TIME(ms)	 TOTAL TIME(ms)	 FOUND POSITION	
Length of text: 1024
	 1024	 1024	 2047	 0	 3	 3	 0	
Length of text: 2048
	 1024	 1349	 2047	 0	 2	 2	 325	
	 2048	 2048	 4095	 0	 2	 2	 0	
Length of text: 4096
	 1024	 1757	 2047	 0	 1	 1	 733	
	 2048	 3388	 4095	 0	 9	 9	 1340	
	 4096	 4096	 8191	 0	 3	 3	 0	
Length of text: 8192
	 1024	 4312	 2047	 0	 1	 1	 3288	
	 2048	 5792	 4095	 0	 2	 2	 3744	
	 4096	 6216	 8191	 0	 4	 4	 2120	
	 8192	 8192	 16383	 0	 8	 8	 0	
Length of text: 16384
	 1024	 13292	 2047	 0	 1	 1	 12268	
	 2048	 15233	 4095	 0	 2	 2	 13185	
	 4096	 10203	 8191	 0	 4	 4	 6107	
	 8192	 12955	 16383	 0	 9	 9	 4763	
	 16384	 16384	 32767	 1	 16	 17	 0	
Length of text: 32768
	 1024	 14074	 2047	 0	 1	 1	 13050	
	 2048	 6402	 4095	 0	 3	 3	 4354	
	 4096	 23984	 8191	 0	 4	 4	 19888	
	 8192	 25197	 16383	 0	 5	 5	 17005	
	 16384	 19467	 32767	 1	 19	 20	 3083	
	 32768	 32768	 65535	 0	 28	 28	 0	
Length of text: 65536
	 1024	 33686	 2047	 0	 0	 0	 32662	
	 2048	 9128	 4095	 0	 1	 1	 7080	
	 4096	 41519	 8191	 0	 3	 3	 37423	
	 8192	 15163	 16383	 0	 6	 6	 6971	
	 16384	 37061	 32767	 0	 16	 16	 20677	
	 32768	 34690	 65535	 0	 28	 28	 1922	
	 65536	 65536	 131071	 0	 47	 47	 0	
Length of text: 131072
	 1024	 18046	 2047	 0	 0	 0	 17022	
	 2048	 16690	 4095	 0	 1	 1	 14642	
	 4096	 72372	 8191	 0	 3	 3	 68276	
	 8192	 67188	 16383	 0	 5	 5	 58996	
	 16384	 114499	 32767	 0	 16	 16	 98115	
	 32768	 104716	 65535	 0	 27	 27	 71948	
	 65536	 100994	 131071	 0	 70	 70	 35458	
	 131072	 131072	 262143	 0	 91	 91	 0	
Length of text: 262144
	 1024	 236288	 2047	 1	 0	 1	 235264	
	 2048	 138414	 4095	 1	 1	 2	 136366	
	 4096	 174953	 8191	 0	 3	 3	 170857	
	 8192	 115182	 16383	 0	 7	 7	 106990	
	 16384	 230305	 32767	 1	 24	 25	 213921	
	 32768	 248802	 65535	 1	 21	 22	 216034	
	 65536	 109144	 131071	 0	 54	 54	 43608	
	 131072	 209055	 262143	 1	 107	 108	 77983	
	 262144	 262144	 524287	 1	 176	 177	 0	
Length of text: 524288
	 1024	 349607	 2047	 0	 1	 1	 348583	
	 2048	 165750	 4095	 0	 1	 1	 163702	
	 4096	 32029	 8191	 0	 3	 3	 27933	
	 8192	 468478	 16383	 0	 5	 5	 460286	
	 16384	 29250	 32767	 0	 18	 18	 12866	
	 32768	 430288	 65535	 1	 27	 28	 397520	
	 65536	 262226	 131071	 1	 73	 74	 196690	
	 131072	 362125	 262143	 1	 115	 116	 231053	
	 262144	 319564	 524287	 0	 174	 174	 57420	
	 524288	 524288	 1048575	 1	 386	 387	 0	
Length of text: 1048576
	 1024	 821944	 2047	 1	 1	 2	 820920	
	 2048	 27212	 4095	 0	 7	 7	 25164	
	 4096	 754681	 8191	 1	 3	 4	 750585	
	 8192	 1020214	 16383	 1	 6	 7	 1012022	
	 16384	 483621	 32767	 1	 15	 16	 467237	
	 32768	 831570	 65535	 2	 21	 23	 798802	
	 65536	 410953	 131071	 0	 58	 58	 345417	
	 131072	 166479	 262143	 0	 113	 113	 35407	
	 262144	 861269	 524287	 1	 164	 165	 599125	
	 524288	 703453	 1048575	 1	 379	 380	 179165	
	 1048576	 1048576	 2097151	 1	 2956	 2959	 0	
Length of text: 2097152
	 1024	 2012837	 2047	 3	 1	 4	 2011813	
	 2048	 1797033	 4095	 1	 2	 3	 1794985	
	 4096	 36400	 8191	 0	 3	 3	 32304	
	 8192	 1001307	 16383	 1	 5	 6	 993115	
	 16384	 152022	 32767	 0	 8	 8	 135638	
	 32768	 1305240	 65535	 1	 19	 20	 1272472	
	 65536	 292490	 131071	 1	 74	 75	 226954	
	 131072	 559279	 262143	 1	 96	 97	 428207	
	 262144	 1205026	 524287	 1	 182	 183	 942882	
	 524288	 684349	 1048575	 1	 334	 335	 160061	
	 1048576	 1592203	 2097151	 2	 1292	 1294	 543627	
	 2097152	 2097152	 4194303	 3	 6786	 6789	 0	
Length of text: 4194304
	 1024	 873618	 2047	 1	 1	 2	 872594	
	 2048	 1432668	 4095	 2	 1	 3	 1430620	
	 4096	 1356389	 8191	 2	 2	 4	 1352293	
	 8192	 3020506	 16383	 4	 5	 9	 3012314	
	 16384	 257290	 32767	 0	 9	 9	 240906	
	 32768	 2798453	 65535	 3	 30	 33	 2765685	
	 65536	 1457066	 131071	 2	 53	 55	 1391530	
	 131072	 142558	 262143	 0	 68	 68	 11486	
	 262144	 2870612	 524287	 4	 153	 158	 2608468	
	 524288	 3232566	 1048575	 4	 391	 395	 2708278	
	 1048576	 3807013	 2097151	 5	 4195	 4200	 2758437	
	 2097152	 3494221	 4194303	 4	 6935	 6939	 1397069	
	 4194304	 4194304	 8388607	 7	 18144	 18151	 0	
