	 PATTERN LENGTH	 SEARCH INSPECT TIMES	 CONSTRUCT INSPECT TIMES	 SEARCH TIME(ms)	 CONSTRUCT TIME(ms)	 TOTAL TIME(ms)	 FOUND POSITION	
Length of text: 1024
	 1024	 1024	 2047	 0	 1	 1	 0	
Length of text: 2048
	 1024	 1736	 2047	 0	 1	 1	 712	
	 2048	 2048	 4095	 0	 2	 2	 0	
Length of text: 4096
	 1024	 1178	 2047	 0	 0	 0	 154	
	 2048	 3633	 4095	 0	 1	 1	 1585	
	 4096	 4096	 8191	 0	 4	 4	 0	
Length of text: 8192
	 1024	 1481	 2047	 0	 1	 1	 457	
	 2048	 4103	 4095	 0	 1	 1	 2055	
	 4096	 4567	 8191	 0	 3	 3	 471	
	 8192	 8192	 16383	 0	 7	 7	 0	
Length of text: 16384
	 1024	 15626	 2047	 0	 1	 1	 14602	
	 2048	 15280	 4095	 0	 2	 2	 13232	
	 4096	 11580	 8191	 0	 3	 3	 7484	
	 8192	 8860	 16383	 0	 6	 6	 668	
	 16384	 16384	 32767	 0	 13	 13	 0	
Length of text: 32768
	 1024	 11842	 2047	 0	 1	 1	 10818	
	 2048	 17596	 4095	 0	 1	 1	 15548	
	 4096	 23994	 8191	 0	 4	 4	 19898	
	 8192	 29761	 16383	 0	 7	 7	 21569	
	 16384	 17708	 32767	 0	 35	 35	 1324	
	 32768	 32768	 65535	 0	 38	 38	 0	
Length of text: 65536
	 1024	 60528	 2047	 0	 1	 1	 59504	
	 2048	 17785	 4095	 0	 2	 2	 15737	
	 4096	 16034	 8191	 0	 2	 2	 11938	
	 8192	 40191	 16383	 0	 9	 9	 31999	
	 16384	 20741	 32767	 0	 36	 36	 4357	
	 32768	 64715	 65535	 0	 70	 70	 31947	
	 65536	 65536	 131071	 0	 81	 81	 0	
Length of text: 131072
	 1024	 23870	 2047	 0	 1	 1	 22846	
	 2048	 62284	 4095	 0	 2	 2	 60236	
	 4096	 81416	 8191	 0	 2	 2	 77320	
	 8192	 120019	 16383	 0	 6	 6	 111827	
	 16384	 98098	 32767	 0	 31	 31	 81714	
	 32768	 109239	 65535	 0	 39	 39	 76471	
	 65536	 81937	 131071	 1	 46	 47	 16401	
	 131072	 131072	 262143	 0	 147	 147	 0	
Length of text: 262144
	 1024	 40243	 2047	 0	 0	 0	 39219	
	 2048	 109766	 4095	 0	 1	 1	 107718	
	 4096	 59330	 8191	 0	 2	 2	 55234	
	 8192	 165106	 16383	 0	 6	 6	 156914	
	 16384	 94625	 32767	 0	 13	 13	 78241	
	 32768	 96479	 65535	 0	 22	 22	 63711	
	 65536	 73409	 131071	 0	 39	 39	 7873	
	 131072	 154339	 262143	 0	 100	 100	 23267	
	 262144	 262144	 524287	 0	 195	 195	 0	
Length of text: 524288
	 1024	 338403	 2047	 1	 0	 1	 337379	
	 2048	 187439	 4095	 1	 0	 1	 185391	
	 4096	 174353	 8191	 0	 2	 2	 170257	
	 8192	 383781	 16383	 0	 5	 5	 375589	
	 16384	 442910	 32767	 1	 11	 12	 426526	
	 32768	 416475	 65535	 1	 21	 22	 383707	
	 65536	 172929	 131071	 0	 66	 66	 107393	
	 131072	 131121	 262143	 1	 72	 73	 49	
	 262144	 397214	 524287	 0	 157	 157	 135070	
	 524288	 524288	 1048575	 1	 413	 414	 0	
Length of text: 1048576
	 1024	 77895	 2047	 0	 1	 1	 76871	
	 2048	 493594	 4095	 1	 1	 2	 491546	
	 4096	 554848	 8191	 0	 3	 3	 550752	
	 8192	 883535	 16383	 1	 4	 5	 875343	
	 16384	 1034925	 32767	 2	 9	 11	 1018541	
	 32768	 788604	 65535	 1	 33	 34	 755836	
	 65536	 870785	 131071	 1	 68	 69	 805249	
	 131072	 718359	 262143	 1	 72	 73	 587287	
	 262144	 591021	 524287	 1	 148	 149	 328877	
	 524288	 566678	 1048575	 1	 620	 621	 42390	
	 1048576	 1048576	 2097151	 2	 3194	 3196	 0	
Length of text: 2097152
	 1024	 530956	 2047	 1	 1	 2	 529932	
	 2048	 1350591	 4095	 2	 1	 3	 1348543	
	 4096	 424792	 8191	 0	 3	 3	 420696	
	 8192	 1639317	 16383	 2	 5	 7	 1631125	
	 16384	 731144	 32767	 1	 10	 11	 714760	
	 32768	 2026040	 65535	 3	 23	 26	 1993272	
	 65536	 1613608	 131071	 3	 63	 66	 1548072	
	 131072	 800881	 262143	 0	 107	 107	 669809	
	 262144	 587821	 524287	 1	 173	 174	 325677	
	 524288	 1511364	 1048575	 2	 427	 429	 987076	
	 1048576	 1451260	 2097151	 2	 2120	 2122	 402684	
	 2097152	 2097152	 4194303	 3	 4361	 4364	 0	
Length of text: 4194304
	 1024	 1115104	 2047	 1	 1	 2	 1114080	
	 2048	 1265641	 4095	 1	 1	 2	 1263593	
	 4096	 3390682	 8191	 5	 2	 7	 3386586	
	 8192	 316662	 16383	 1	 4	 5	 308470	
	 16384	 42703	 32767	 0	 9	 9	 26319	
	 32768	 2769907	 65535	 4	 26	 30	 2737139	
	 65536	 1944407	 131071	 3	 39	 42	 1878871	
	 131072	 2545538	 262143	 4	 116	 120	 2414466	
	 262144	 1260921	 524287	 2	 170	 172	 998777	
	 524288	 3895425	 1048575	 7	 474	 481	 3371137	
	 1048576	 3652834	 2097151	 4	 3610	 3614	 2604258	
	 2097152	 3986489	 4194303	 6	 5155	 5161	 1889337	
	 4194304	 4194304	 8388607	 6	 23013	 23019	 0	
