	 PATTERN LENGTH	 SEARCH INSPECT TIMES	 CONSTRUCT INSPECT TIMES	 SEARCH TIME(ms)	 CONSTRUCT TIME(ms)	 TOTAL TIME(ms)	 FOUND POSITION	
Length of text: 1024
	 1024	 2048	 3594	 0	 0	 0	 0	
Length of text: 2048
	 1024	 4381	 3294	 0	 0	 0	 712	
	 2048	 4096	 6731	 0	 0	 0	 0	
Length of text: 4096
	 1024	 2581	 3498	 0	 0	 0	 154	
	 2048	 9060	 6374	 0	 0	 0	 1585	
	 4096	 8192	 13806	 0	 0	 0	 0	
Length of text: 8192
	 1024	 3460	 3114	 0	 0	 0	 457	
	 2048	 11122	 6815	 0	 0	 0	 2055	
	 4096	 9692	 13158	 0	 0	 0	 471	
	 8192	 16384	 27851	 0	 0	 0	 0	
Length of text: 16384
	 1024	 53101	 3516	 0	 0	 0	 14602	
	 2048	 47456	 6650	 0	 0	 0	 13232	
	 4096	 31494	 12723	 0	 0	 0	 7484	
	 8192	 18695	 27938	 0	 0	 0	 668	
	 16384	 32768	 52476	 1	 0	 1	 0	
Length of text: 32768
	 1024	 39599	 3567	 0	 0	 0	 10818	
	 2048	 54077	 6620	 1	 0	 1	 15548	
	 4096	 68292	 12354	 0	 0	 0	 19898	
	 8192	 83603	 25487	 0	 0	 0	 21569	
	 16384	 36781	 49383	 0	 0	 0	 1324	
	 32768	 65536	 106556	 0	 1	 1	 0	
Length of text: 65536
	 1024	 187590	 3219	 1	 0	 1	 59504	
	 2048	 58148	 6980	 0	 0	 0	 15737	
	 4096	 46480	 13278	 0	 0	 0	 11938	
	 8192	 124617	 27830	 1	 0	 1	 31999	
	 16384	 46282	 51309	 0	 0	 0	 4357	
	 32768	 162079	 99350	 1	 0	 1	 31947	
	 65536	 131072	 203469	 1	 0	 1	 0	
Length of text: 131072
	 1024	 79996	 3441	 0	 0	 0	 22846	
	 2048	 190556	 6437	 1	 0	 1	 60236	
	 4096	 276619	 14160	 0	 1	 1	 77320	
	 8192	 395984	 27629	 1	 0	 2	 111827	
	 16384	 285875	 50970	 1	 0	 1	 81714	
	 32768	 301998	 101399	 1	 0	 1	 76471	
	 65536	 182279	 204171	 0	 0	 0	 16401	
	 131072	 262144	 445442	 1	 1	 2	 0	
Length of text: 262144
	 1024	 134306	 3432	 1	 0	 1	 39219	
	 2048	 350812	 6500	 1	 0	 1	 107718	
	 4096	 191101	 13413	 0	 0	 0	 55234	
	 8192	 504920	 25442	 2	 0	 2	 156914	
	 16384	 280480	 52023	 1	 0	 1	 78241	
	 32768	 286303	 113174	 0	 0	 1	 63711	
	 65536	 158155	 226959	 0	 0	 1	 7873	
	 131072	 332636	 398045	 0	 1	 1	 23267	
	 262144	 524288	 818403	 1	 1	 3	 0	
Length of text: 524288
	 1024	 1071192	 3225	 2	 0	 2	 337379	
	 2048	 565672	 6179	 1	 0	 1	 185391	
	 4096	 583054	 13986	 2	 0	 2	 170257	
	 8192	 1287969	 28007	 2	 0	 2	 375589	
	 16384	 1394101	 52677	 3	 0	 3	 426526	
	 32768	 1400373	 113948	 3	 0	 3	 383707	
	 65536	 475305	 210567	 1	 1	 2	 107393	
	 131072	 262302	 414803	 1	 0	 1	 49	
	 262144	 985426	 893832	 1	 2	 3	 135070	
	 524288	 1048576	 1779047	 1	 3	 4	 0	
Length of text: 1048576
	 1024	 267498	 3600	 1	 0	 1	 76871	
	 2048	 1580777	 6503	 3	 0	 3	 491546	
	 4096	 1814069	 13455	 3	 0	 4	 550752	
	 8192	 2642749	 24485	 5	 0	 6	 875343	
	 16384	 3248628	 51567	 7	 0	 7	 1018541	
	 32768	 2611647	 110381	 5	 0	 5	 755836	
	 65536	 2603539	 201363	 5	 0	 6	 805249	
	 131072	 2067411	 402155	 5	 0	 6	 587287	
	 262144	 1657080	 903801	 3	 1	 5	 328877	
	 524288	 1196248	 1822049	 1	 3	 5	 42390	
	 1048576	 2097152	 3625650	 3	 6	 9	 0	
Length of text: 2097152
	 1024	 1676447	 3240	 4	 0	 4	 529932	
	 2048	 4337370	 6611	 9	 0	 10	 1348543	
	 4096	 1399892	 13431	 3	 0	 4	 420696	
	 8192	 5335539	 26669	 12	 0	 13	 1631125	
	 16384	 2257960	 50916	 5	 0	 6	 714760	
	 32768	 6617947	 107501	 15	 0	 16	 1993272	
	 65536	 5479727	 226272	 12	 0	 13	 1548072	
	 131072	 2562776	 450074	 6	 1	 7	 669809	
	 262144	 1523741	 803604	 3	 1	 5	 325677	
	 524288	 4199976	 1675547	 9	 4	 13	 987076	
	 1048576	 3424694	 3459351	 5	 6	 12	 402684	
	 2097152	 4194304	 6430625	 5	 11	 18	 0	
Length of text: 4194304
	 1024	 3415535	 3156	 7	 0	 9	 1114080	
	 2048	 3975641	 6377	 9	 0	 11	 1263593	
	 4096	 11706227	 13992	 25	 0	 27	 3386586	
	 8192	 1061076	 27914	 3	 0	 4	 308470	
	 16384	 122708	 55260	 0	 1	 2	 26319	
	 32768	 8536748	 101096	 19	 0	 21	 2737139	
	 65536	 6129190	 208377	 14	 0	 16	 1878871	
	 131072	 8454634	 444476	 20	 1	 23	 2414466	
	 262144	 3632841	 816090	 8	 1	 11	 998777	
	 524288	 12193116	 1732814	 26	 2	 30	 3371137	
	 1048576	 9931322	 3155199	 19	 5	 27	 2604258	
	 2097152	 10404172	 6890894	 17	 12	 30	 1889337	
	 4194304	 8388608	 14597724	 9	 24	 37	 0	
