	 PATTERN LENGTH	 SEARCH INSPECT TIMES	 CONSTRUCT INSPECT TIMES	 SEARCH TIME(ms)	 CONSTRUCT TIME(ms)	 TOTAL TIME(ms)	 FOUND POSITION	
Length of text: 1024
	 1024	 2048	 3423	 0	 0	 0	 0	
Length of text: 2048
	 1024	 3217	 3585	 0	 0	 0	 325	
	 2048	 4096	 6569	 0	 1	 1	 0	
Length of text: 4096
	 1024	 4414	 3270	 0	 1	 1	 733	
	 2048	 8156	 6191	 0	 0	 0	 1340	
	 4096	 8192	 14121	 0	 0	 0	 0	
Length of text: 8192
	 1024	 13154	 3480	 0	 0	 0	 3288	
	 2048	 17041	 7145	 0	 0	 0	 3744	
	 4096	 15594	 14178	 0	 0	 0	 2120	
	 8192	 16384	 26432	 0	 2	 2	 0	
Length of text: 16384
	 1024	 39796	 3129	 1	 0	 1	 12268	
	 2048	 44533	 6266	 1	 0	 1	 13185	
	 4096	 28593	 13668	 0	 0	 0	 6107	
	 8192	 31124	 25460	 0	 1	 1	 4763	
	 16384	 32768	 50907	 1	 0	 1	 0	
Length of text: 32768
	 1024	 47333	 3579	 0	 0	 0	 13050	
	 2048	 17103	 6224	 0	 0	 0	 4354	
	 4096	 77779	 14448	 0	 0	 0	 19888	
	 8192	 74514	 27893	 0	 0	 1	 17005	
	 16384	 43170	 55455	 0	 0	 0	 3083	
	 32768	 65536	 101132	 0	 1	 1	 0	
Length of text: 65536
	 1024	 112069	 3519	 1	 0	 1	 32662	
	 2048	 28354	 7022	 0	 0	 0	 7080	
	 4096	 123070	 12531	 0	 0	 0	 37423	
	 8192	 39647	 27332	 0	 0	 2	 6971	
	 16384	 97186	 51087	 1	 0	 1	 20677	
	 32768	 71282	 98723	 0	 1	 1	 1922	
	 65536	 131072	 210747	 0	 0	 0	 0	
Length of text: 131072
	 1024	 59954	 3492	 0	 0	 0	 17022	
	 2048	 50804	 6581	 0	 0	 0	 14642	
	 4096	 244284	 14208	 1	 0	 1	 68276	
	 8192	 215544	 27578	 1	 0	 1	 58996	
	 16384	 375314	 56979	 0	 0	 1	 98115	
	 32768	 315434	 114023	 0	 0	 0	 71948	
	 65536	 244549	 209175	 1	 0	 1	 35458	
	 131072	 262144	 409238	 0	 1	 1	 0	
Length of text: 262144
	 1024	 800797	 3369	 1	 0	 1	 235264	
	 2048	 477990	 7121	 1	 0	 1	 136366	
	 4096	 527539	 12468	 1	 0	 1	 170857	
	 8192	 349752	 25472	 1	 0	 1	 106990	
	 16384	 773816	 57096	 1	 0	 1	 213921	
	 32768	 741240	 102104	 1	 0	 1	 216034	
	 65536	 275681	 217833	 0	 1	 1	 43608	
	 131072	 533388	 454097	 0	 1	 1	 77983	
	 262144	 524288	 893634	 0	 1	 2	 0	
Length of text: 524288
	 1024	 1114015	 3294	 2	 0	 3	 348583	
	 2048	 574077	 7070	 1	 0	 2	 163702	
	 4096	 103313	 13863	 0	 0	 0	 27933	
	 8192	 1577591	 27773	 3	 1	 4	 460286	
	 16384	 73077	 51378	 0	 0	 1	 12866	
	 32768	 1389599	 108638	 3	 0	 3	 397520	
	 65536	 800425	 222441	 2	 0	 2	 196690	
	 131072	 982160	 408209	 2	 1	 3	 231053	
	 262144	 723299	 908115	 1	 2	 3	 57420	
	 524288	 1048576	 1626614	 1	 3	 4	 0	
Length of text: 1048576
	 1024	 2773034	 3495	 5	 0	 6	 820920	
	 2048	 81337	 6245	 0	 0	 0	 25164	
	 4096	 2630030	 14277	 5	 0	 5	 750585	
	 8192	 3425405	 27740	 7	 0	 7	 1012022	
	 16384	 1447107	 49344	 3	 0	 3	 467237	
	 32768	 2483928	 99140	 5	 0	 5	 798802	
	 65536	 1274381	 216966	 2	 0	 3	 345417	
	 131072	 379896	 435305	 1	 1	 2	 35407	
	 262144	 2541049	 881625	 5	 2	 7	 599125	
	 524288	 1663031	 1799378	 3	 3	 6	 179165	
	 1048576	 2097152	 3270045	 3	 5	 9	 0	
Length of text: 2097152
	 1024	 6969331	 3474	 15	 0	 15	 2011813	
	 2048	 6251964	 7142	 12	 0	 13	 1794985	
	 4096	 109262	 12864	 0	 0	 0	 32304	
	 8192	 3452415	 28595	 6	 0	 7	 993115	
	 16384	 452814	 50529	 1	 1	 2	 135638	
	 32768	 4271919	 107762	 8	 0	 9	 1272472	
	 65536	 923227	 229242	 1	 0	 66	 226954	
	 131072	 1655258	 426008	 3	 1	 4	 428207	
	 262144	 3659021	 870249	 6	 1	 8	 942882	
	 524288	 1544237	 1625063	 2	 2	 5	 160061	
	 1048576	 3865064	 3409404	 6	 6	 13	 543627	
	 2097152	 4194304	 6293468	 5	 11	 17	 0	
Length of text: 4194304
	 1024	 2912328	 3507	 6	 0	 7	 872594	
	 2048	 4646709	 6560	 8	 0	 9	 1430620	
	 4096	 4165390	 12561	 9	 0	 10	 1352293	
	 8192	 9843182	 26822	 20	 0	 21	 3012314	
	 16384	 803891	 52434	 2	 1	 4	 240906	
	 32768	 8698468	 102431	 17	 0	 18	 2765685	
	 65536	 4380613	 200439	 8	 0	 10	 1391530	
	 131072	 302213	 457949	 0	 1	 2	 11486	
	 262144	 8896210	 840120	 17	 1	 19	 2608468	
	 524288	 9377427	 1611818	 18	 3	 22	 2708278	
	 1048576	 10944683	 3360915	 19	 5	 26	 2758437	
	 2097152	 9017729	 7239653	 14	 12	 27	 1397069	
	 4194304	 8388608	 13684260	 9	 23	 35	 0	
