	 PATTERN LENGTH	 SEARCH INSPECT TIMES	 CONSTRUCT INSPECT TIMES	 SEARCH TIME(ms)	 CONSTRUCT TIME(ms)	 TOTAL TIME(ms)	 FOUND POSITION	
Length of text: 1024
	 1024	 2048	 3537	 0	 0	 0	 0	
Length of text: 2048
	 1024	 2766	 3402	 0	 0	 0	 233	
	 2048	 4096	 6398	 0	 0	 0	 0	
Length of text: 4096
	 1024	 11147	 3609	 0	 0	 0	 2658	
	 2048	 9732	 6308	 0	 0	 0	 1843	
	 4096	 8192	 12417	 0	 0	 0	 0	
Length of text: 8192
	 1024	 20109	 3207	 0	 0	 0	 5831	
	 2048	 5831	 7040	 0	 0	 0	 497	
	 4096	 10814	 13929	 0	 0	 0	 774	
	 8192	 16384	 28019	 0	 0	 0	 0	
Length of text: 16384
	 1024	 20988	 3195	 0	 0	 0	 6116	
	 2048	 43163	 6641	 0	 0	 0	 12140	
	 4096	 49742	 13944	 1	 0	 1	 12243	
	 8192	 19108	 28535	 0	 0	 0	 795	
	 16384	 32768	 55824	 0	 0	 0	 0	
Length of text: 32768
	 1024	 97560	 3516	 0	 0	 0	 27362	
	 2048	 93576	 7208	 0	 0	 0	 25660	
	 4096	 22455	 14232	 0	 0	 0	 4067	
	 8192	 30382	 25373	 1	 0	 1	 4521	
	 16384	 55395	 55929	 1	 0	 1	 6677	
	 32768	 65536	 105149	 0	 0	 0	 0	
Length of text: 65536
	 1024	 14087	 3531	 0	 0	 0	 3546	
	 2048	 6925	 6326	 0	 0	 0	 912	
	 4096	 165522	 13512	 0	 0	 0	 48011	
	 8192	 37471	 28592	 0	 0	 0	 6018	
	 16384	 150618	 51360	 0	 0	 0	 37646	
	 32768	 97300	 107948	 0	 0	 0	 9753	
	 65536	 131072	 198354	 1	 0	 1	 0	
Length of text: 131072
	 1024	 46258	 3462	 0	 0	 0	 12814	
	 2048	 176314	 6377	 0	 0	 0	 55050	
	 4096	 150797	 14253	 0	 0	 0	 40890	
	 8192	 55190	 25850	 0	 0	 0	 12296	
	 16384	 361268	 50679	 1	 0	 1	 106038	
	 32768	 323705	 101012	 0	 1	 1	 83540	
	 65536	 274177	 200646	 0	 1	 1	 46765	
	 131072	 262144	 450770	 1	 1	 2	 0	
Length of text: 262144
	 1024	 579582	 3168	 1	 0	 2	 185189	
	 2048	 383112	 6347	 1	 0	 1	 123253	
	 4096	 708592	 14364	 1	 0	 1	 201820	
	 8192	 310939	 27959	 1	 0	 1	 85716	
	 16384	 455410	 51030	 1	 0	 1	 135634	
	 32768	 665848	 112754	 1	 1	 2	 174270	
	 65536	 446337	 226008	 0	 1	 1	 91505	
	 131072	 280686	 436874	 0	 1	 1	 5623	
	 262144	 524288	 817611	 1	 1	 2	 0	
Length of text: 524288
	 1024	 673077	 3174	 1	 0	 1	 215285	
	 2048	 1314022	 6824	 1	 0	 2	 389331	
	 4096	 132751	 12606	 0	 0	 0	 40561	
	 8192	 987595	 27122	 1	 0	 2	 293835	
	 16384	 147723	 52629	 0	 0	 0	 35786	
	 32768	 754303	 110528	 2	 0	 2	 203469	
	 65536	 1198895	 223095	 2	 0	 2	 313923	
	 131072	 820947	 409910	 2	 1	 3	 178558	
	 262144	 773485	 817509	 1	 2	 3	 79807	
	 524288	 1048576	 1767104	 1	 2	 5	 0	
Length of text: 1048576
	 1024	 2022571	 3255	 4	 0	 4	 632623	
	 2048	 2540910	 6386	 5	 0	 5	 818083	
	 4096	 1490880	 13734	 3	 0	 4	 440264	
	 8192	 2181809	 27884	 4	 0	 5	 635534	
	 16384	 1916231	 53832	 4	 0	 4	 574629	
	 32768	 1038903	 101927	 2	 0	 2	 313969	
	 65536	 2322624	 221505	 5	 0	 5	 651782	
	 131072	 304199	 399656	 0	 0	 1	 13859	
	 262144	 1921781	 904737	 3	 1	 5	 405555	
	 524288	 2250695	 1619810	 4	 3	 7	 388772	
	 1048576	 2097152	 3543438	 2	 5	 8	 0	
Length of text: 2097152
	 1024	 1460320	 3669	 3	 0	 4	 417196	
	 2048	 1814935	 6347	 4	 0	 4	 581343	
	 4096	 3039010	 13419	 6	 0	 7	 930271	
	 8192	 702051	 25487	 1	 0	 2	 220168	
	 16384	 3082646	 53577	 6	 0	 7	 934704	
	 32768	 5947781	 114074	 11	 1	 12	 1684907	
	 65536	 5427228	 229161	 10	 0	 11	 1515425	
	 131072	 727272	 417425	 2	 1	 3	 145816	
	 262144	 3196644	 890796	 5	 1	 7	 786896	
	 524288	 1968855	 1779299	 3	 3	 6	 270550	
	 1048576	 5274563	 3221601	 9	 6	 15	 1035246	
	 2097152	 4194304	 7128410	 4	 11	 17	 0	
Length of text: 4194304
	 1024	 8066866	 3252	 16	 0	 18	 2588743	
	 2048	 5909531	 6674	 12	 0	 13	 1813361	
	 4096	 5375920	 14052	 11	 0	 12	 1562308	
	 8192	 5315982	 26831	 10	 0	 12	 1626442	
	 16384	 8574733	 56847	 17	 0	 18	 2457169	
	 32768	 12116765	 104345	 23	 1	 25	 3779336	
	 65536	 8432857	 224388	 15	 0	 17	 2429179	
	 131072	 9210499	 408206	 18	 1	 21	 2875026	
	 262144	 1225455	 865596	 2	 2	 5	 212240	
	 524288	 12139542	 1784216	 22	 3	 26	 3258796	
	 1048576	 8150643	 3525243	 13	 6	 21	 1801565	
	 2097152	 5433300	 6298124	 9	 12	 23	 412228	
	 4194304	 8388608	 13423140	 17	 41	 63	 0	
