	 PATTERN LENGTH	 SEARCH INSPECT TIMES	 CONSTRUCT INSPECT TIMES	 SEARCH TIME(ms)	 CONSTRUCT TIME(ms)	 TOTAL TIME(ms)	 FOUND POSITION	
Length of text: 1024
	 1024	 2049	 0	 0	 0	 0	 0	
Length of text: 2048
	 1024	 3703	 0	 0	 0	 0	 783	
	 2048	 4097	 0	 0	 0	 0	 0	
Length of text: 4096
	 1024	 4117	 0	 0	 0	 0	 966	
	 2048	 8053	 0	 0	 0	 0	 1866	
	 4096	 8193	 0	 0	 0	 0	 0	
Length of text: 8192
	 1024	 13633	 0	 0	 0	 0	 5399	
	 2048	 7655	 0	 0	 0	 0	 1665	
	 4096	 13283	 0	 0	 0	 0	 2363	
	 8192	 16385	 0	 0	 0	 0	 0	
Length of text: 16384
	 1024	 6301	 0	 0	 0	 0	 1987	
	 2048	 32831	 0	 0	 0	 0	 13292	
	 4096	 29063	 0	 0	 0	 0	 9700	
	 8192	 31053	 0	 0	 0	 0	 6808	
	 16384	 32769	 0	 0	 0	 0	 0	
Length of text: 32768
	 1024	 28689	 0	 0	 0	 0	 12419	
	 2048	 69915	 0	 0	 0	 0	 30425	
	 4096	 41595	 0	 0	 0	 0	 15547	
	 8192	 21749	 0	 0	 0	 0	 2476	
	 16384	 51149	 0	 0	 0	 0	 8492	
	 32768	 65537	 0	 0	 0	 0	 0	
Length of text: 65536
	 1024	 71997	 0	 0	 0	 0	 32378	
	 2048	 32713	 0	 0	 0	 0	 13251	
	 4096	 107483	 0	 0	 0	 0	 45947	
	 8192	 97009	 0	 0	 0	 0	 37361	
	 16384	 73221	 0	 0	 0	 0	 18782	
	 32768	 94557	 0	 0	 0	 0	 13441	
	 65536	 131073	 0	 0	 0	 0	 0	
Length of text: 131072
	 1024	 235179	 0	 0	 0	 0	 108045	
	 2048	 201583	 0	 1	 0	 1	 91615	
	 4096	 16785	 0	 0	 0	 0	 3981	
	 8192	 37491	 0	 0	 0	 0	 9760	
	 16384	 78245	 0	 0	 0	 0	 21109	
	 32768	 145567	 0	 0	 0	 0	 37005	
	 65536	 146723	 0	 0	 0	 0	 7260	
	 131072	 262145	 0	 0	 0	 0	 0	
Length of text: 262144
	 1024	 355245	 0	 0	 0	 0	 163670	
	 2048	 443493	 0	 0	 0	 0	 203685	
	 4096	 482395	 0	 1	 0	 1	 219620	
	 8192	 427227	 0	 1	 0	 1	 190364	
	 16384	 356847	 0	 0	 0	 0	 150181	
	 32768	 103201	 0	 1	 0	 1	 17407	
	 65536	 216243	 0	 0	 0	 0	 39421	
	 131072	 463573	 0	 0	 0	 0	 93452	
	 262144	 524289	 0	 1	 0	 1	 0	
Length of text: 524288
	 1024	 65255	 0	 0	 0	 0	 29353	
	 2048	 248157	 0	 0	 0	 0	 113446	
	 4096	 308729	 0	 1	 0	 1	 139535	
	 8192	 500537	 0	 0	 0	 0	 224196	
	 16384	 285453	 0	 1	 0	 1	 117051	
	 32768	 917905	 0	 1	 0	 1	 394900	
	 65536	 391759	 0	 1	 0	 1	 121093	
	 131072	 1093899	 0	 1	 0	 1	 385518	
	 262144	 821403	 0	 0	 0	 0	 138005	
	 524288	 1048577	 0	 1	 0	 1	 0	
Length of text: 1048576
	 1024	 362789	 0	 1	 0	 1	 167361	
	 2048	 2084899	 0	 3	 0	 3	 964721	
	 4096	 366711	 0	 1	 0	 1	 166069	
	 8192	 857217	 0	 1	 0	 1	 390265	
	 16384	 1427567	 0	 2	 0	 2	 646634	
	 32768	 1318223	 0	 2	 0	 2	 580697	
	 65536	 1279539	 0	 1	 0	 1	 532916	
	 131072	 1929771	 0	 2	 0	 2	 772864	
	 262144	 874113	 0	 1	 0	 1	 162301	
	 524288	 1281061	 0	 1	 0	 1	 107627	
	 1048576	 2097153	 0	 2	 0	 2	 0	
Length of text: 2097152
	 1024	 2795525	 0	 4	 0	 4	 1294558	
	 2048	 2463523	 0	 3	 0	 3	 1140877	
	 4096	 1813581	 0	 3	 0	 3	 837066	
	 8192	 1092459	 0	 2	 0	 2	 499095	
	 16384	 2079329	 0	 3	 0	 3	 948840	
	 32768	 926199	 0	 2	 0	 2	 398722	
	 65536	 206615	 0	 0	 0	 0	 35071	
	 131072	 4212281	 0	 5	 0	 5	 1831646	
	 262144	 4129475	 0	 5	 0	 5	 1671813	
	 524288	 2085707	 0	 3	 0	 3	 480578	
	 1048576	 2621919	 0	 2	 0	 2	 243243	
	 2097152	 4194305	 0	 3	 0	 3	 0	
Length of text: 4194304
	 1024	 6330461	 0	 10	 0	 10	 2933626	
	 2048	 2917687	 0	 5	 0	 5	 1350839	
	 4096	 6259107	 0	 11	 0	 11	 2899000	
	 8192	 2628953	 0	 6	 0	 6	 1211379	
	 16384	 8395379	 0	 15	 0	 15	 3877302	
	 32768	 8927907	 0	 15	 0	 15	 4107813	
	 65536	 8838875	 0	 14	 0	 14	 4036611	
	 131072	 1598783	 0	 3	 0	 3	 619543	
	 262144	 7339311	 0	 11	 0	 11	 3159519	
	 524288	 4621337	 0	 6	 0	 6	 1656769	
	 1048576	 6784189	 0	 9	 0	 9	 2172685	
	 2097152	 5568431	 0	 6	 0	 6	 636980	
	 4194304	 8388609	 0	 7	 0	 7	 0	
