	 PATTERN LENGTH	 SEARCH INSPECT TIMES	 CONSTRUCT INSPECT TIMES	 SEARCH TIME(ms)	 CONSTRUCT TIME(ms)	 TOTAL TIME(ms)	 FOUND POSITION	
Length of text: 1024
	 1024	 2049	 0	 0	 0	 0	 0	
Length of text: 2048
	 1024	 3873	 0	 0	 0	 0	 835	
	 2048	 4097	 0	 0	 0	 0	 0	
Length of text: 4096
	 1024	 5313	 0	 0	 0	 0	 1535	
	 2048	 4191	 0	 0	 0	 0	 43	
	 4096	 8193	 0	 0	 0	 0	 0	
Length of text: 8192
	 1024	 15293	 0	 0	 0	 0	 6090	
	 2048	 11475	 0	 0	 0	 0	 3393	
	 4096	 9159	 0	 0	 0	 0	 443	
	 8192	 16385	 0	 0	 0	 0	 0	
Length of text: 16384
	 1024	 12127	 0	 0	 0	 0	 4657	
	 2048	 29125	 0	 0	 0	 0	 11648	
	 4096	 12981	 0	 0	 0	 0	 2206	
	 8192	 27287	 0	 0	 0	 0	 5111	
	 16384	 32769	 0	 0	 0	 0	 0	
Length of text: 32768
	 1024	 65293	 0	 1	 0	 1	 29247	
	 2048	 6195	 0	 0	 0	 0	 966	
	 4096	 55591	 0	 0	 0	 0	 22022	
	 8192	 24711	 0	 0	 0	 0	 3870	
	 16384	 43705	 0	 0	 0	 0	 5085	
	 32768	 65537	 0	 0	 0	 0	 0	
Length of text: 65536
	 1024	 52325	 0	 0	 0	 0	 23336	
	 2048	 114577	 0	 0	 0	 0	 51208	
	 4096	 113019	 0	 0	 0	 0	 48615	
	 8192	 48573	 0	 0	 0	 0	 14947	
	 16384	 102261	 0	 0	 0	 0	 32129	
	 32768	 102253	 0	 0	 0	 0	 16967	
	 65536	 131073	 0	 1	 0	 1	 0	
Length of text: 131072
	 1024	 146653	 0	 0	 0	 0	 67137	
	 2048	 54831	 0	 0	 0	 0	 23510	
	 4096	 132563	 0	 0	 0	 0	 57679	
	 8192	 44607	 0	 0	 0	 0	 13107	
	 16384	 117341	 0	 0	 0	 0	 39245	
	 32768	 184547	 0	 0	 0	 0	 55259	
	 65536	 199667	 0	 0	 0	 0	 31854	
	 131072	 262145	 0	 0	 0	 0	 0	
Length of text: 262144
	 1024	 361423	 0	 0	 0	 0	 166679	
	 2048	 285461	 0	 0	 0	 0	 130490	
	 4096	 313523	 0	 0	 0	 0	 141653	
	 8192	 83591	 0	 0	 0	 0	 31154	
	 16384	 395833	 0	 1	 0	 1	 168372	
	 32768	 401691	 0	 1	 0	 1	 155716	
	 65536	 180153	 0	 0	 0	 0	 22850	
	 131072	 518423	 0	 1	 0	 1	 118684	
	 262144	 524289	 0	 1	 0	 1	 0	
Length of text: 524288
	 1024	 36761	 0	 0	 0	 0	 16030	
	 2048	 956937	 0	 2	 0	 2	 441390	
	 4096	 437615	 0	 1	 0	 1	 199089	
	 8192	 603483	 0	 1	 0	 1	 272096	
	 16384	 366833	 0	 1	 0	 1	 154944	
	 32768	 949213	 0	 1	 0	 1	 410288	
	 65536	 740163	 0	 1	 0	 1	 282305	
	 131072	 358255	 0	 0	 0	 0	 44396	
	 262144	 1050915	 0	 2	 0	 2	 244590	
	 524288	 1048577	 0	 1	 0	 1	 0	
Length of text: 1048576
	 1024	 1749469	 0	 2	 0	 2	 809557	
	 2048	 639091	 0	 1	 0	 1	 294677	
	 4096	 203063	 0	 0	 0	 0	 90257	
	 8192	 157627	 0	 0	 0	 0	 65508	
	 16384	 749289	 0	 1	 0	 1	 332284	
	 32768	 1844887	 0	 3	 0	 3	 825186	
	 65536	 1529141	 0	 2	 0	 2	 647788	
	 131072	 1221741	 0	 1	 0	 1	 444371	
	 262144	 1954009	 0	 3	 0	 3	 662966	
	 524288	 1460201	 0	 2	 0	 2	 191011	
	 1048576	 2097153	 0	 1	 0	 1	 0	
Length of text: 2097152
	 1024	 852971	 0	 1	 0	 1	 394716	
	 2048	 3765571	 0	 6	 0	 6	 1744039	
	 4096	 3950307	 0	 6	 0	 6	 1827161	
	 8192	 3800279	 0	 5	 0	 5	 1753946	
	 16384	 746579	 0	 1	 0	 1	 330805	
	 32768	 1446009	 0	 3	 0	 3	 639660	
	 65536	 1444845	 0	 2	 0	 2	 609173	
	 131072	 2207149	 0	 3	 0	 3	 901625	
	 262144	 718679	 0	 1	 0	 1	 90100	
	 524288	 2082125	 0	 3	 0	 3	 479139	
	 1048576	 3585027	 0	 4	 0	 4	 689714	
	 2097152	 4194305	 0	 4	 0	 4	 0	
Length of text: 4194304
	 1024	 153535	 0	 1	 0	 1	 70100	
	 2048	 7043689	 0	 11	 0	 11	 3263144	
	 4096	 2410089	 0	 4	 0	 4	 1114503	
	 8192	 7179773	 0	 12	 0	 12	 3321053	
	 16384	 1969275	 0	 4	 0	 4	 897554	
	 32768	 5171443	 0	 9	 0	 9	 2366024	
	 65536	 2095911	 0	 4	 0	 4	 911189	
	 131072	 2161245	 0	 4	 0	 4	 880678	
	 262144	 8976487	 0	 16	 0	 16	 3918928	
	 524288	 5101555	 0	 9	 0	 9	 1879301	
	 1048576	 6776541	 0	 10	 0	 10	 2170102	
	 2097152	 7113547	 0	 8	 0	 8	 1353994	
	 4194304	 8388609	 0	 6	 0	 6	 0	
