	 PATTERN LENGTH	 SEARCH INSPECT TIMES	 CONSTRUCT INSPECT TIMES	 SEARCH TIME(ms)	 CONSTRUCT TIME(ms)	 TOTAL TIME(ms)	 FOUND POSITION	
Length of text: 1024
	 1024	 2049	 0	 0	 0	 0	 0	
Length of text: 2048
	 1024	 3253	 0	 0	 0	 0	 546	
	 2048	 4097	 0	 0	 0	 0	 0	
Length of text: 4096
	 1024	 2441	 0	 0	 0	 0	 186	
	 2048	 7385	 0	 0	 0	 0	 1528	
	 4096	 8193	 0	 0	 0	 0	 0	
Length of text: 8192
	 1024	 3971	 0	 0	 0	 0	 883	
	 2048	 11819	 0	 0	 0	 0	 3604	
	 4096	 13769	 0	 0	 0	 0	 2579	
	 8192	 16385	 0	 1	 0	 1	 0	
Length of text: 16384
	 1024	 24375	 0	 0	 0	 0	 10326	
	 2048	 28741	 0	 0	 0	 0	 11374	
	 4096	 34029	 0	 0	 0	 0	 12002	
	 8192	 25153	 0	 0	 0	 0	 4086	
	 16384	 32769	 0	 0	 0	 0	 0	
Length of text: 32768
	 1024	 24803	 0	 0	 0	 0	 10454	
	 2048	 15045	 0	 0	 0	 0	 5073	
	 4096	 25661	 0	 0	 0	 0	 8122	
	 8192	 59231	 0	 0	 0	 0	 19855	
	 16384	 41057	 0	 0	 0	 0	 3842	
	 32768	 65537	 0	 0	 0	 0	 0	
Length of text: 65536
	 1024	 4169	 0	 0	 0	 0	 984	
	 2048	 66413	 0	 0	 0	 0	 28821	
	 4096	 76273	 0	 0	 0	 0	 31679	
	 8192	 51981	 0	 0	 0	 0	 16455	
	 16384	 40459	 0	 0	 0	 0	 3574	
	 32768	 84275	 0	 0	 0	 0	 8698	
	 65536	 131073	 0	 0	 0	 0	 0	
Length of text: 131072
	 1024	 129199	 0	 0	 0	 0	 58993	
	 2048	 15471	 0	 0	 0	 0	 5247	
	 4096	 216351	 0	 0	 0	 0	 96341	
	 8192	 97371	 0	 0	 0	 0	 37567	
	 16384	 278245	 0	 1	 0	 1	 113763	
	 32768	 139369	 0	 0	 0	 0	 34158	
	 65536	 163995	 0	 0	 0	 0	 15298	
	 131072	 262145	 0	 1	 0	 1	 0	
Length of text: 262144
	 1024	 481877	 0	 0	 0	 0	 222596	
	 2048	 291427	 0	 0	 0	 0	 133237	
	 4096	 367305	 0	 0	 0	 0	 166674	
	 8192	 468407	 0	 0	 0	 0	 209568	
	 16384	 500691	 0	 1	 0	 1	 217229	
	 32768	 375037	 0	 1	 0	 1	 143476	
	 65536	 413151	 0	 0	 0	 0	 130674	
	 131072	 317257	 0	 0	 0	 0	 25652	
	 262144	 524289	 0	 0	 0	 0	 0	
Length of text: 524288
	 1024	 283947	 0	 0	 0	 0	 130587	
	 2048	 362949	 0	 1	 0	 1	 166247	
	 4096	 830181	 0	 1	 0	 1	 380809	
	 8192	 100945	 0	 1	 0	 1	 39347	
	 16384	 977321	 0	 1	 0	 1	 437862	
	 32768	 625347	 0	 1	 0	 1	 259378	
	 65536	 1098657	 0	 1	 0	 1	 448462	
	 131072	 632797	 0	 1	 0	 1	 171755	
	 262144	 682749	 0	 0	 0	 0	 73316	
	 524288	 1048577	 0	 1	 0	 1	 0	
Length of text: 1048576
	 1024	 687409	 0	 1	 0	 1	 318039	
	 2048	 1024521	 0	 1	 0	 1	 473003	
	 4096	 1903713	 0	 2	 0	 2	 878345	
	 8192	 1030579	 0	 1	 0	 2	 469895	
	 16384	 1934987	 0	 3	 0	 3	 881830	
	 32768	 625985	 0	 1	 0	 1	 259500	
	 65536	 1161605	 0	 2	 0	 2	 477980	
	 131072	 1738801	 0	 2	 0	 2	 685078	
	 262144	 1904779	 0	 2	 0	 2	 640039	
	 524288	 1510297	 0	 2	 0	 2	 214408	
	 1048576	 2097153	 0	 1	 0	 1	 0	
Length of text: 2097152
	 1024	 2451715	 0	 4	 0	 4	 1136178	
	 2048	 566739	 0	 1	 0	 1	 261127	
	 4096	 2833695	 0	 4	 0	 4	 1309835	
	 8192	 4335643	 0	 6	 0	 6	 2002557	
	 16384	 2472959	 0	 3	 0	 3	 1131259	
	 32768	 3287573	 0	 5	 0	 5	 1494194	
	 65536	 2741095	 0	 4	 0	 4	 1209543	
	 131072	 3482721	 0	 5	 0	 5	 1492844	
	 262144	 551365	 0	 1	 0	 1	 12545	
	 524288	 2228151	 0	 3	 0	 3	 547528	
	 1048576	 2878329	 0	 3	 0	 3	 362504	
	 2097152	 4194305	 0	 3	 0	 3	 0	
Length of text: 4194304
	 1024	 342303	 0	 1	 0	 1	 157795	
	 2048	 8444203	 0	 11	 0	 11	 3913185	
	 4096	 5704193	 0	 7	 0	 7	 2640821	
	 8192	 2782951	 0	 4	 0	 4	 1282612	
	 16384	 2570657	 0	 4	 0	 4	 1176518	
	 32768	 5454461	 0	 7	 0	 7	 2498302	
	 65536	 3502335	 0	 6	 0	 6	 1563422	
	 131072	 9000773	 0	 13	 0	 13	 4050943	
	 262144	 3476145	 0	 5	 0	 5	 1368732	
	 524288	 6590917	 0	 9	 0	 9	 2569572	
	 1048576	 4521681	 0	 6	 0	 6	 1124309	
	 2097152	 7546383	 0	 7	 0	 7	 1553549	
	 4194304	 8388609	 0	 6	 0	 6	 0	
