	 PATTERN LENGTH	 SEARCH INSPECT TIMES	 CONSTRUCT INSPECT TIMES	 SEARCH TIME(ms)	 CONSTRUCT TIME(ms)	 TOTAL TIME(ms)	 FOUND POSITION	
Length of text: 1024
	 1024	 2047	 0	 0	 0	 0	 0	
Length of text: 2048
	 1024	 3199	 0	 0	 0	 0	 546	
	 2048	 4095	 0	 0	 0	 0	 0	
Length of text: 4096
	 1024	 2429	 0	 0	 0	 0	 186	
	 2048	 7269	 0	 0	 0	 0	 1528	
	 4096	 8191	 0	 0	 0	 0	 0	
Length of text: 8192
	 1024	 3895	 0	 0	 0	 0	 883	
	 2048	 11563	 0	 0	 0	 0	 3604	
	 4096	 13561	 0	 0	 0	 0	 2579	
	 8192	 16383	 0	 0	 0	 0	 0	
Length of text: 16384
	 1024	 23553	 0	 0	 0	 0	 10326	
	 2048	 27811	 0	 0	 0	 0	 11374	
	 4096	 33129	 0	 0	 0	 0	 12002	
	 8192	 24857	 0	 0	 0	 0	 4086	
	 16384	 32767	 0	 0	 0	 0	 0	
Length of text: 32768
	 1024	 23901	 0	 0	 0	 0	 10454	
	 2048	 14645	 0	 0	 0	 0	 5073	
	 4096	 25055	 0	 0	 0	 0	 8122	
	 8192	 57685	 0	 0	 0	 0	 19855	
	 16384	 40761	 0	 0	 0	 0	 3842	
	 32768	 65535	 0	 0	 0	 0	 0	
Length of text: 65536
	 1024	 4093	 0	 0	 0	 0	 984	
	 2048	 64113	 0	 0	 0	 0	 28821	
	 4096	 73949	 0	 0	 0	 0	 31679	
	 8192	 50661	 0	 0	 0	 0	 16455	
	 16384	 40191	 0	 0	 0	 0	 3574	
	 32768	 83613	 0	 0	 0	 0	 8698	
	 65536	 131071	 0	 0	 0	 0	 0	
Length of text: 131072
	 1024	 124701	 0	 0	 0	 0	 58993	
	 2048	 15035	 0	 0	 0	 0	 5247	
	 4096	 208775	 0	 0	 0	 0	 96341	
	 8192	 94493	 0	 0	 0	 0	 37567	
	 16384	 269437	 0	 0	 0	 0	 113763	
	 32768	 136665	 0	 0	 0	 0	 34158	
	 65536	 162855	 0	 0	 0	 0	 15298	
	 131072	 262143	 0	 0	 0	 0	 0	
Length of text: 262144
	 1024	 464879	 0	 1	 0	 1	 222596	
	 2048	 281187	 0	 0	 0	 0	 133237	
	 4096	 354675	 0	 1	 0	 1	 166674	
	 8192	 452281	 0	 1	 0	 1	 209568	
	 16384	 484281	 0	 0	 0	 0	 217229	
	 32768	 363961	 0	 0	 0	 0	 143476	
	 65536	 402987	 0	 0	 0	 0	 130674	
	 131072	 315397	 0	 0	 0	 0	 25652	
	 262144	 524287	 0	 0	 0	 0	 0	
Length of text: 524288
	 1024	 273777	 0	 1	 0	 1	 130587	
	 2048	 350045	 0	 0	 0	 0	 166247	
	 4096	 800597	 0	 1	 0	 1	 380809	
	 8192	 98059	 0	 0	 0	 0	 39347	
	 16384	 943587	 0	 1	 0	 1	 437862	
	 32768	 605189	 0	 1	 0	 1	 259378	
	 65536	 1064029	 0	 1	 0	 1	 448462	
	 131072	 619477	 0	 1	 0	 1	 171755	
	 262144	 676949	 0	 0	 0	 0	 73316	
	 524288	 1048575	 0	 1	 0	 1	 0	
Length of text: 1048576
	 1024	 663227	 0	 1	 0	 1	 318039	
	 2048	 988025	 0	 1	 0	 1	 473003	
	 4096	 1835649	 0	 2	 0	 2	 878345	
	 8192	 994117	 0	 1	 0	 1	 469895	
	 16384	 1867001	 0	 2	 0	 2	 881830	
	 32768	 605677	 0	 1	 0	 1	 259500	
	 65536	 1125055	 0	 1	 0	 1	 477980	
	 131072	 1686527	 0	 2	 0	 2	 685078	
	 262144	 1855591	 0	 2	 0	 2	 640039	
	 524288	 1494159	 0	 1	 0	 1	 214408	
	 1048576	 2097151	 0	 2	 0	 2	 0	
Length of text: 2097152
	 1024	 2364769	 0	 2	 0	 2	 1136178	
	 2048	 546929	 0	 1	 0	 1	 261127	
	 4096	 2732837	 0	 3	 0	 3	 1309835	
	 8192	 4181583	 0	 5	 0	 5	 2002557	
	 16384	 2385877	 0	 3	 0	 3	 1131259	
	 32768	 3173023	 0	 3	 0	 3	 1494194	
	 65536	 2647455	 0	 3	 0	 3	 1209543	
	 131072	 3367609	 0	 4	 0	 4	 1492844	
	 262144	 550393	 0	 1	 0	 1	 12545	
	 524288	 2186753	 0	 2	 0	 2	 547528	
	 1048576	 2850767	 0	 3	 0	 3	 362504	
	 2097152	 4194303	 0	 3	 0	 3	 0	
Length of text: 4194304
	 1024	 330199	 0	 2	 0	 2	 157795	
	 2048	 8143235	 0	 7	 0	 7	 3913185	
	 4096	 5501127	 0	 7	 0	 7	 2640821	
	 8192	 2684285	 0	 3	 0	 3	 1282612	
	 16384	 2480009	 0	 3	 0	 3	 1176518	
	 32768	 5262079	 0	 6	 0	 6	 2498302	
	 65536	 3382457	 0	 4	 0	 4	 1563422	
	 131072	 8688599	 0	 7	 0	 7	 4050943	
	 262144	 3371063	 0	 4	 0	 4	 1368732	
	 524288	 6393183	 0	 6	 0	 6	 2569572	
	 1048576	 4435449	 0	 39	 0	 39	 1124309	
	 2097152	 7426267	 0	 7	 0	 7	 1553549	
	 4194304	 8388607	 0	 7	 0	 7	 0	
