	 PATTERN LENGTH	 SEARCH INSPECT TIMES	 CONSTRUCT INSPECT TIMES	 SEARCH TIME(ms)	 CONSTRUCT TIME(ms)	 TOTAL TIME(ms)	 FOUND POSITION	
Length of text: 1024
	 1024	 2047	 0	 0	 0	 0	 0	
Length of text: 2048
	 1024	 3795	 0	 0	 0	 0	 835	
	 2048	 4095	 0	 0	 0	 0	 0	
Length of text: 4096
	 1024	 5217	 0	 0	 0	 0	 1535	
	 2048	 4185	 0	 0	 0	 0	 43	
	 4096	 8191	 0	 0	 0	 0	 0	
Length of text: 8192
	 1024	 14767	 0	 0	 0	 0	 6090	
	 2048	 11181	 0	 0	 0	 0	 3393	
	 4096	 9117	 0	 0	 0	 0	 443	
	 8192	 16383	 0	 0	 0	 0	 0	
Length of text: 16384
	 1024	 11751	 0	 0	 0	 0	 4657	
	 2048	 28273	 0	 0	 0	 0	 11648	
	 4096	 12795	 0	 0	 0	 0	 2206	
	 8192	 26953	 0	 0	 0	 0	 5111	
	 16384	 32767	 0	 1	 0	 1	 0	
Length of text: 32768
	 1024	 62967	 0	 0	 0	 0	 29247	
	 2048	 6113	 0	 0	 0	 0	 966	
	 4096	 53945	 0	 0	 0	 0	 22022	
	 8192	 24421	 0	 1	 0	 1	 3870	
	 16384	 43327	 0	 0	 0	 0	 5085	
	 32768	 65535	 0	 0	 0	 0	 0	
Length of text: 65536
	 1024	 50567	 0	 0	 0	 0	 23336	
	 2048	 110629	 0	 0	 0	 0	 51208	
	 4096	 109305	 0	 0	 0	 0	 48615	
	 8192	 47451	 0	 0	 0	 0	 14947	
	 16384	 99701	 0	 0	 0	 0	 32129	
	 32768	 100889	 0	 1	 0	 1	 16967	
	 65536	 131071	 0	 0	 0	 0	 0	
Length of text: 131072
	 1024	 141587	 0	 0	 0	 0	 67137	
	 2048	 53007	 0	 0	 0	 0	 23510	
	 4096	 128143	 0	 0	 0	 0	 57679	
	 8192	 43619	 0	 0	 0	 0	 13107	
	 16384	 114363	 0	 0	 0	 0	 39245	
	 32768	 180373	 0	 0	 0	 0	 55259	
	 65536	 197267	 0	 0	 0	 0	 31854	
	 131072	 262143	 0	 0	 0	 0	 0	
Length of text: 262144
	 1024	 348677	 0	 1	 0	 1	 166679	
	 2048	 275497	 0	 1	 0	 1	 130490	
	 4096	 302719	 0	 1	 0	 1	 141653	
	 8192	 81187	 0	 1	 0	 1	 31154	
	 16384	 382941	 0	 0	 0	 0	 168372	
	 32768	 389563	 0	 0	 0	 0	 155716	
	 65536	 178495	 0	 0	 0	 0	 22850	
	 131072	 509129	 0	 0	 0	 0	 118684	
	 262144	 524287	 0	 0	 0	 0	 0	
Length of text: 524288
	 1024	 35457	 0	 1	 0	 1	 16030	
	 2048	 922611	 0	 1	 0	 1	 441390	
	 4096	 422331	 0	 0	 0	 0	 199089	
	 8192	 582435	 0	 1	 0	 1	 272096	
	 16384	 355009	 0	 0	 0	 0	 154944	
	 32768	 918305	 0	 2	 0	 2	 410288	
	 65536	 718343	 0	 1	 0	 1	 282305	
	 131072	 354663	 0	 1	 0	 1	 44396	
	 262144	 1032511	 0	 1	 0	 1	 244590	
	 524288	 1048575	 0	 1	 0	 1	 0	
Length of text: 1048576
	 1024	 1686567	 0	 2	 0	 2	 809557	
	 2048	 616713	 0	 1	 0	 1	 294677	
	 4096	 196021	 0	 1	 0	 1	 90257	
	 8192	 152601	 0	 1	 0	 1	 65508	
	 16384	 723841	 0	 1	 0	 1	 332284	
	 32768	 1781677	 0	 1	 0	 1	 825186	
	 65536	 1478905	 0	 1	 0	 1	 647788	
	 131072	 1186969	 0	 1	 0	 1	 444371	
	 262144	 1903155	 0	 2	 0	 2	 662966	
	 524288	 1445687	 0	 1	 0	 1	 191011	
	 1048576	 2097151	 0	 2	 0	 2	 0	
Length of text: 2097152
	 1024	 822833	 0	 1	 0	 1	 394716	
	 2048	 3631627	 0	 4	 0	 4	 1744039	
	 4096	 3809207	 0	 4	 0	 4	 1827161	
	 8192	 3664957	 0	 4	 0	 4	 1753946	
	 16384	 721003	 0	 1	 0	 1	 330805	
	 32768	 1396481	 0	 2	 0	 2	 639660	
	 65536	 1398075	 0	 2	 0	 2	 609173	
	 131072	 2137699	 0	 3	 0	 3	 901625	
	 262144	 711729	 0	 1	 0	 1	 90100	
	 524288	 2045219	 0	 2	 0	 2	 479139	
	 1048576	 3531851	 0	 4	 0	 4	 689714	
	 2097152	 4194303	 0	 3	 0	 3	 0	
Length of text: 4194304
	 1024	 147997	 0	 1	 0	 1	 70100	
	 2048	 6792079	 0	 8	 0	 8	 3263144	
	 4096	 2325231	 0	 4	 0	 4	 1114503	
	 8192	 6924225	 0	 8	 0	 8	 3321053	
	 16384	 1900047	 0	 3	 0	 3	 897554	
	 32768	 4988189	 0	 6	 0	 6	 2366024	
	 65536	 2026047	 0	 4	 0	 4	 911189	
	 131072	 2093773	 0	 4	 0	 4	 880678	
	 262144	 8675419	 0	 11	 0	 11	 3918928	
	 524288	 4957251	 0	 7	 0	 7	 1879301	
	 1048576	 6610343	 0	 8	 0	 8	 2170102	
	 2097152	 7009949	 0	 7	 0	 7	 1353994	
	 4194304	 8388607	 0	 8	 0	 8	 0	
