	 PATTERN LENGTH	 SEARCH INSPECT TIMES	 CONSTRUCT INSPECT TIMES	 SEARCH TIME(ms)	 CONSTRUCT TIME(ms)	 TOTAL TIME(ms)	 FOUND POSITION	
Length of text: 1024
	 1024	 2047	 0	 0	 0	 0	 0	
Length of text: 2048
	 1024	 3657	 0	 0	 0	 0	 783	
	 2048	 4095	 0	 0	 0	 0	 0	
Length of text: 4096
	 1024	 4049	 0	 0	 0	 0	 966	
	 2048	 7941	 0	 0	 0	 0	 1866	
	 4096	 8191	 0	 0	 0	 0	 0	
Length of text: 8192
	 1024	 13245	 0	 0	 0	 0	 5399	
	 2048	 7541	 0	 0	 0	 0	 1665	
	 4096	 13101	 0	 1	 0	 1	 2363	
	 8192	 16383	 0	 0	 0	 0	 0	
Length of text: 16384
	 1024	 6163	 0	 0	 0	 0	 1987	
	 2048	 31773	 0	 0	 0	 0	 13292	
	 4096	 28337	 0	 0	 0	 0	 9700	
	 8192	 30535	 0	 0	 0	 0	 6808	
	 16384	 32767	 0	 0	 0	 0	 0	
Length of text: 32768
	 1024	 27803	 0	 0	 0	 0	 12419	
	 2048	 67477	 0	 0	 0	 0	 30425	
	 4096	 40463	 0	 1	 0	 1	 15547	
	 8192	 21547	 0	 0	 0	 0	 2476	
	 16384	 50465	 0	 0	 0	 0	 8492	
	 32768	 65535	 0	 0	 0	 0	 0	
Length of text: 65536
	 1024	 69443	 0	 0	 0	 0	 32378	
	 2048	 31673	 0	 0	 0	 0	 13251	
	 4096	 103845	 0	 0	 0	 0	 45947	
	 8192	 94115	 0	 1	 0	 1	 37361	
	 16384	 71803	 0	 0	 0	 0	 18782	
	 32768	 93511	 0	 0	 0	 0	 13441	
	 65536	 131071	 0	 0	 0	 0	 0	
Length of text: 131072
	 1024	 226837	 0	 1	 0	 1	 108045	
	 2048	 194569	 0	 0	 0	 0	 91615	
	 4096	 16479	 0	 0	 0	 0	 3981	
	 8192	 36709	 0	 0	 0	 0	 9760	
	 16384	 76649	 0	 0	 0	 0	 21109	
	 32768	 142617	 0	 0	 0	 0	 37005	
	 65536	 146167	 0	 0	 0	 0	 7260	
	 131072	 262143	 0	 0	 0	 0	 0	
Length of text: 262144
	 1024	 342567	 0	 1	 0	 1	 163670	
	 2048	 427783	 0	 1	 0	 1	 203685	
	 4096	 465245	 0	 0	 0	 0	 219620	
	 8192	 412479	 0	 0	 0	 0	 190364	
	 16384	 345225	 0	 1	 0	 1	 150181	
	 32768	 101795	 0	 0	 0	 0	 17407	
	 65536	 213127	 0	 0	 0	 0	 39421	
	 131072	 456467	 0	 1	 0	 1	 93452	
	 262144	 524287	 0	 0	 0	 0	 0	
Length of text: 524288
	 1024	 63051	 0	 0	 0	 0	 29353	
	 2048	 239747	 0	 1	 0	 1	 113446	
	 4096	 298199	 0	 0	 0	 0	 139535	
	 8192	 483013	 0	 1	 0	 1	 224196	
	 16384	 276323	 0	 0	 0	 0	 117051	
	 32768	 887225	 0	 1	 0	 1	 394900	
	 65536	 382693	 0	 0	 0	 0	 121093	
	 131072	 1064145	 0	 1	 0	 1	 385518	
	 262144	 811049	 0	 0	 0	 0	 138005	
	 524288	 1048575	 0	 1	 0	 1	 0	
Length of text: 1048576
	 1024	 350033	 0	 1	 0	 1	 167361	
	 2048	 2010637	 0	 2	 0	 2	 964721	
	 4096	 353765	 0	 0	 0	 0	 166069	
	 8192	 827621	 0	 1	 0	 1	 390265	
	 16384	 1377835	 0	 1	 0	 1	 646634	
	 32768	 1273477	 0	 1	 0	 1	 580697	
	 65536	 1239043	 0	 2	 0	 2	 532916	
	 131072	 1870047	 0	 2	 0	 2	 772864	
	 262144	 861737	 0	 1	 0	 1	 162301	
	 524288	 1272595	 0	 2	 0	 2	 107627	
	 1048576	 2097151	 0	 2	 0	 2	 0	
Length of text: 2097152
	 1024	 2695275	 0	 3	 0	 3	 1294558	
	 2048	 2376477	 0	 3	 0	 3	 1140877	
	 4096	 1749203	 0	 2	 0	 2	 837066	
	 8192	 1054303	 0	 1	 0	 1	 499095	
	 16384	 2006355	 0	 2	 0	 2	 948840	
	 32768	 895167	 0	 1	 0	 1	 398722	
	 65536	 203957	 0	 1	 0	 1	 35071	
	 131072	 4071639	 0	 4	 0	 4	 1831646	
	 262144	 4001233	 0	 3	 0	 3	 1671813	
	 524288	 2048449	 0	 2	 0	 2	 480578	
	 1048576	 2603151	 0	 2	 0	 2	 243243	
	 2097152	 4194303	 0	 3	 0	 3	 0	
Length of text: 4194304
	 1024	 6104405	 0	 7	 0	 7	 2933626	
	 2048	 2813875	 0	 169	 0	 169	 1350839	
	 4096	 6037051	 0	 8	 0	 8	 2899000	
	 8192	 2535827	 0	 3	 0	 3	 1211379	
	 16384	 8097281	 0	 10	 0	 10	 3877302	
	 32768	 8610721	 0	 11	 0	 11	 4107813	
	 65536	 8527901	 0	 10	 0	 10	 4036611	
	 131072	 1550955	 0	 2	 0	 2	 619543	
	 262144	 7096099	 0	 8	 0	 8	 3159519	
	 524288	 4494257	 0	 6	 0	 6	 1656769	
	 1048576	 6616653	 0	 7	 0	 7	 2172685	
	 2097152	 5519341	 0	 6	 0	 6	 636980	
	 4194304	 8388607	 0	 7	 0	 7	 0	
