	 PATTERN LENGTH	 SEARCH INSPECT TIMES	 CONSTRUCT INSPECT TIMES	 SEARCH TIME(ms)	 CONSTRUCT TIME(ms)	 TOTAL TIME(ms)	 FOUND POSITION	
Length of text: 1024
	 1024	 1024	 2047	 0	 1	 1	 0	
Length of text: 2048
	 1024	 1807	 2047	 0	 1	 1	 783	
	 2048	 2048	 4095	 0	 1	 1	 0	
Length of text: 4096
	 1024	 1990	 2047	 0	 0	 0	 966	
	 2048	 3914	 4095	 0	 1	 1	 1866	
	 4096	 4096	 8191	 0	 3	 3	 0	
Length of text: 8192
	 1024	 6423	 2047	 0	 0	 0	 5399	
	 2048	 3713	 4095	 0	 1	 1	 1665	
	 4096	 6459	 8191	 0	 1	 1	 2363	
	 8192	 8192	 16383	 1	 5	 6	 0	
Length of text: 16384
	 1024	 3011	 2047	 0	 0	 0	 1987	
	 2048	 15340	 4095	 0	 2	 2	 13292	
	 4096	 13796	 8191	 0	 2	 2	 9700	
	 8192	 15000	 16383	 0	 5	 5	 6808	
	 16384	 16384	 32767	 0	 10	 10	 0	
Length of text: 32768
	 1024	 13443	 2047	 0	 0	 0	 12419	
	 2048	 32473	 4095	 0	 1	 1	 30425	
	 4096	 19643	 8191	 0	 1	 1	 15547	
	 8192	 10668	 16383	 0	 4	 4	 2476	
	 16384	 24876	 32767	 0	 16	 16	 8492	
	 32768	 32768	 65535	 0	 29	 29	 0	
Length of text: 65536
	 1024	 33402	 2047	 0	 1	 1	 32378	
	 2048	 15299	 4095	 0	 1	 1	 13251	
	 4096	 50043	 8191	 0	 2	 2	 45947	
	 8192	 45553	 16383	 0	 5	 5	 37361	
	 16384	 35166	 32767	 1	 14	 15	 18782	
	 32768	 46209	 65535	 0	 26	 26	 13441	
	 65536	 65536	 131071	 1	 46	 47	 0	
Length of text: 131072
	 1024	 109069	 2047	 0	 0	 0	 108045	
	 2048	 93663	 4095	 0	 1	 1	 91615	
	 4096	 8077	 8191	 0	 2	 2	 3981	
	 8192	 17952	 16383	 0	 5	 5	 9760	
	 16384	 37493	 32767	 1	 8	 9	 21109	
	 32768	 69773	 65535	 0	 19	 19	 37005	
	 65536	 72796	 131071	 1	 70	 71	 7260	
	 131072	 131072	 262143	 2	 69	 71	 0	
Length of text: 262144
	 1024	 164694	 2047	 0	 0	 0	 163670	
	 2048	 205733	 4095	 1	 0	 1	 203685	
	 4096	 223716	 8191	 1	 2	 3	 219620	
	 8192	 198556	 16383	 0	 119	 119	 190364	
	 16384	 166565	 32767	 1	 19	 20	 150181	
	 32768	 50175	 65535	 0	 33	 33	 17407	
	 65536	 104957	 131071	 1	 54	 55	 39421	
	 131072	 224524	 262143	 3	 151	 154	 93452	
	 262144	 262144	 524287	 5	 190	 195	 0	
Length of text: 524288
	 1024	 30377	 2047	 0	 1	 1	 29353	
	 2048	 115494	 4095	 0	 1	 1	 113446	
	 4096	 143631	 8191	 0	 2	 2	 139535	
	 8192	 232388	 16383	 1	 4	 5	 224196	
	 16384	 133435	 32767	 1	 12	 13	 117051	
	 32768	 427668	 65535	 1	 24	 25	 394900	
	 65536	 186629	 131071	 1	 38	 39	 121093	
	 131072	 516590	 262143	 4	 84	 88	 385518	
	 262144	 400149	 524287	 4	 323	 330	 138005	
	 524288	 524288	 1048575	 8	 562	 570	 0	
Length of text: 1048576
	 1024	 168385	 2047	 0	 0	 0	 167361	
	 2048	 966769	 4095	 2	 0	 2	 964721	
	 4096	 170165	 8191	 1	 3	 4	 166069	
	 8192	 398457	 16383	 1	 5	 6	 390265	
	 16384	 663018	 32767	 2	 24	 26	 646634	
	 32768	 613465	 65535	 2	 21	 23	 580697	
	 65536	 598452	 131071	 3	 39	 42	 532916	
	 131072	 903936	 262143	 6	 109	 115	 772864	
	 262144	 424445	 524287	 5	 197	 202	 162301	
	 524288	 631915	 1048575	 8	 346	 354	 107627	
	 1048576	 1048576	 2097151	 16	 2750	 2766	 0	
Length of text: 2097152
	 1024	 1295582	 2047	 2	 0	 2	 1294558	
	 2048	 1142925	 4095	 1	 1	 2	 1140877	
	 4096	 841162	 8191	 1	 2	 3	 837066	
	 8192	 507287	 16383	 2	 6	 8	 499095	
	 16384	 965224	 32767	 3	 19	 22	 948840	
	 32768	 431490	 65535	 1	 26	 27	 398722	
	 65536	 100607	 131071	 1	 73	 74	 35071	
	 131072	 1962718	 262143	 7	 55	 62	 1831646	
	 262144	 1933957	 524287	 8	 118	 126	 1671813	
	 524288	 1004866	 1048575	 9	 452	 461	 480578	
	 1048576	 1291819	 2097151	 15	 1163	 1178	 243243	
	 2097152	 2097152	 4194303	 34	 4314	 4348	 0	
Length of text: 4194304
	 1024	 2934650	 2047	 4	 0	 4	 2933626	
	 2048	 1352887	 4095	 3	 1	 4	 1350839	
	 4096	 2903096	 8191	 6	 2	 8	 2899000	
	 8192	 1219571	 16383	 5	 7	 12	 1211379	
	 16384	 3893686	 32767	 17	 21	 38	 3877302	
	 32768	 4140581	 65535	 15	 47	 62	 4107813	
	 65536	 4102147	 131071	 17	 60	 77	 4036611	
	 131072	 750615	 262143	 4	 109	 113	 619543	
	 262144	 3421663	 524287	 16	 164	 180	 3159519	
	 524288	 2181057	 1048575	 12	 391	 403	 1656769	
	 1048576	 3221261	 2097151	 24	 1117	 1141	 2172685	
	 2097152	 2734132	 4194303	 35	 6068	 6103	 636980	
	 4194304	 4194304	 8388607	 64	 19866	 19930	 0	
