	 PATTERN LENGTH	 SEARCH INSPECT TIMES	 CONSTRUCT INSPECT TIMES	 SEARCH TIME(ms)	 CONSTRUCT TIME(ms)	 TOTAL TIME(ms)	 FOUND POSITION	
Length of text: 1024
	 1024	 1024	 2047	 0	 0	 0	 0	
Length of text: 2048
	 1024	 1859	 2047	 0	 1	 1	 835	
	 2048	 2048	 4095	 0	 1	 1	 0	
Length of text: 4096
	 1024	 2559	 2047	 0	 0	 0	 1535	
	 2048	 2091	 4095	 0	 1	 1	 43	
	 4096	 4096	 8191	 0	 2	 2	 0	
Length of text: 8192
	 1024	 7114	 2047	 0	 1	 1	 6090	
	 2048	 5441	 4095	 0	 1	 1	 3393	
	 4096	 4539	 8191	 0	 2	 2	 443	
	 8192	 8192	 16383	 1	 5	 6	 0	
Length of text: 16384
	 1024	 5681	 2047	 0	 0	 0	 4657	
	 2048	 13696	 4095	 0	 1	 1	 11648	
	 4096	 6302	 8191	 0	 3	 3	 2206	
	 8192	 13303	 16383	 0	 5	 5	 5111	
	 16384	 16384	 32767	 0	 8	 8	 0	
Length of text: 32768
	 1024	 30271	 2047	 0	 0	 0	 29247	
	 2048	 3014	 4095	 0	 1	 1	 966	
	 4096	 26118	 8191	 0	 2	 2	 22022	
	 8192	 12062	 16383	 0	 5	 5	 3870	
	 16384	 21469	 32767	 0	 11	 11	 5085	
	 32768	 32768	 65535	 1	 19	 20	 0	
Length of text: 65536
	 1024	 24360	 2047	 0	 1	 1	 23336	
	 2048	 53256	 4095	 1	 1	 2	 51208	
	 4096	 52711	 8191	 0	 3	 3	 48615	
	 8192	 23139	 16383	 0	 5	 5	 14947	
	 16384	 48513	 32767	 0	 16	 16	 32129	
	 32768	 49735	 65535	 0	 36	 36	 16967	
	 65536	 65536	 131071	 1	 47	 48	 0	
Length of text: 131072
	 1024	 68161	 2047	 1	 0	 1	 67137	
	 2048	 25558	 4095	 0	 1	 1	 23510	
	 4096	 61775	 8191	 0	 2	 2	 57679	
	 8192	 21299	 16383	 0	 5	 5	 13107	
	 16384	 55629	 32767	 0	 21	 21	 39245	
	 32768	 88027	 65535	 1	 42	 43	 55259	
	 65536	 97390	 131071	 1	 66	 67	 31854	
	 131072	 131072	 262143	 2	 58	 60	 0	
Length of text: 262144
	 1024	 167703	 2047	 0	 0	 0	 166679	
	 2048	 132538	 4095	 0	 0	 0	 130490	
	 4096	 145749	 8191	 0	 2	 2	 141653	
	 8192	 39346	 16383	 0	 4	 4	 31154	
	 16384	 184756	 32767	 1	 10	 11	 168372	
	 32768	 188484	 65535	 1	 24	 25	 155716	
	 65536	 88386	 131071	 1	 72	 73	 22850	
	 131072	 249756	 262143	 2	 66	 68	 118684	
	 262144	 262144	 524287	 4	 2395	 2403	 0	
Length of text: 524288
	 1024	 17054	 2047	 0	 0	 0	 16030	
	 2048	 443438	 4095	 1	 1	 2	 441390	
	 4096	 203185	 8191	 1	 3	 4	 199089	
	 8192	 280288	 16383	 1	 5	 6	 272096	
	 16384	 171328	 32767	 1	 15	 16	 154944	
	 32768	 443056	 65535	 2	 54	 56	 410288	
	 65536	 347841	 131071	 3	 83	 86	 282305	
	 131072	 175468	 262143	 3	 140	 143	 44396	
	 262144	 506734	 524287	 6	 223	 229	 244590	
	 524288	 524288	 1048575	 8	 390	 398	 0	
Length of text: 1048576
	 1024	 810581	 2047	 2	 0	 2	 809557	
	 2048	 296725	 4095	 0	 1	 1	 294677	
	 4096	 94353	 8191	 0	 2	 2	 90257	
	 8192	 73700	 16383	 0	 5	 5	 65508	
	 16384	 348668	 32767	 1	 9	 10	 332284	
	 32768	 857954	 65535	 3	 22	 25	 825186	
	 65536	 713324	 131071	 4	 69	 73	 647788	
	 131072	 575443	 262143	 4	 96	 100	 444371	
	 262144	 925110	 524287	 6	 134	 140	 662966	
	 524288	 715299	 1048575	 8	 380	 388	 191011	
	 1048576	 1048576	 2097151	 17	 3454	 3471	 0	
Length of text: 2097152
	 1024	 395740	 2047	 0	 0	 0	 394716	
	 2048	 1746087	 4095	 2	 1	 3	 1744039	
	 4096	 1831257	 8191	 4	 2	 6	 1827161	
	 8192	 1762138	 16383	 6	 5	 11	 1753946	
	 16384	 347189	 32767	 2	 9	 11	 330805	
	 32768	 672428	 65535	 3	 21	 24	 639660	
	 65536	 674709	 131071	 3	 70	 73	 609173	
	 131072	 1032697	 262143	 5	 97	 102	 901625	
	 262144	 352244	 524287	 6	 193	 199	 90100	
	 524288	 1003427	 1048575	 11	 374	 385	 479139	
	 1048576	 1738290	 2097151	 18	 3429	 3447	 689714	
	 2097152	 2097152	 4194303	 33	 5326	 5359	 0	
Length of text: 4194304
	 1024	 71124	 2047	 0	 1	 1	 70100	
	 2048	 3265192	 4095	 5	 1	 6	 3263144	
	 4096	 1118599	 8191	 2	 3	 5	 1114503	
	 8192	 3329245	 16383	 11	 5	 16	 3321053	
	 16384	 913938	 32767	 4	 11	 15	 897554	
	 32768	 2398792	 65535	 10	 28	 38	 2366024	
	 65536	 976725	 131071	 5	 48	 53	 911189	
	 131072	 1011750	 262143	 6	 105	 111	 880678	
	 262144	 4181072	 524287	 19	 434	 453	 3918928	
	 524288	 2403589	 1048575	 18	 426	 444	 1879301	
	 1048576	 3218678	 2097151	 24	 3006	 3030	 2170102	
	 2097152	 3451146	 4194303	 38	 7160	 7198	 1353994	
	 4194304	 4194304	 8388607	 81	 15919	 16000	 0	
