	 PATTERN LENGTH	 SEARCH INSPECT TIMES	 CONSTRUCT INSPECT TIMES	 SEARCH TIME(ms)	 CONSTRUCT TIME(ms)	 TOTAL TIME(ms)	 FOUND POSITION	
Length of text: 1024
	 1024	 1024	 2047	 0	 0	 0	 0	
Length of text: 2048
	 1024	 1570	 2047	 0	 1	 1	 546	
	 2048	 2048	 4095	 0	 1	 1	 0	
Length of text: 4096
	 1024	 1210	 2047	 0	 1	 1	 186	
	 2048	 3576	 4095	 0	 0	 0	 1528	
	 4096	 4096	 8191	 0	 2	 2	 0	
Length of text: 8192
	 1024	 1907	 2047	 0	 0	 0	 883	
	 2048	 5652	 4095	 0	 1	 1	 3604	
	 4096	 6675	 8191	 0	 2	 2	 2579	
	 8192	 8192	 16383	 0	 4	 4	 0	
Length of text: 16384
	 1024	 11350	 2047	 0	 0	 0	 10326	
	 2048	 13422	 4095	 0	 1	 1	 11374	
	 4096	 16098	 8191	 0	 2	 2	 12002	
	 8192	 12278	 16383	 0	 4	 4	 4086	
	 16384	 16384	 32767	 1	 8	 9	 0	
Length of text: 32768
	 1024	 11478	 2047	 0	 1	 1	 10454	
	 2048	 7121	 4095	 0	 165	 166	 5073	
	 4096	 12218	 8191	 0	 2	 2	 8122	
	 8192	 28047	 16383	 0	 5	 5	 19855	
	 16384	 20226	 32767	 0	 18	 18	 3842	
	 32768	 32768	 65535	 0	 40	 40	 0	
Length of text: 65536
	 1024	 2008	 2047	 0	 1	 1	 984	
	 2048	 30869	 4095	 0	 1	 1	 28821	
	 4096	 35775	 8191	 0	 2	 2	 31679	
	 8192	 24647	 16383	 0	 5	 5	 16455	
	 16384	 19958	 32767	 0	 14	 14	 3574	
	 32768	 41466	 65535	 0	 31	 31	 8698	
	 65536	 65536	 131071	 1	 90	 91	 0	
Length of text: 131072
	 1024	 60017	 2047	 1	 0	 1	 58993	
	 2048	 7295	 4095	 0	 0	 0	 5247	
	 4096	 100437	 8191	 0	 2	 2	 96341	
	 8192	 45759	 16383	 0	 5	 5	 37567	
	 16384	 130147	 32767	 1	 21	 22	 113763	
	 32768	 66926	 65535	 0	 29	 29	 34158	
	 65536	 80834	 131071	 1	 71	 72	 15298	
	 131072	 131072	 262143	 2	 76	 78	 0	
Length of text: 262144
	 1024	 223620	 2047	 0	 0	 0	 222596	
	 2048	 135285	 4095	 1	 1	 2	 133237	
	 4096	 170770	 8191	 0	 1	 1	 166674	
	 8192	 217760	 16383	 1	 6	 7	 209568	
	 16384	 233613	 32767	 1	 21	 22	 217229	
	 32768	 176244	 65535	 1	 35	 36	 143476	
	 65536	 196210	 131071	 1	 47	 48	 130674	
	 131072	 156724	 262143	 2	 121	 123	 25652	
	 262144	 262144	 524287	 5	 171	 176	 0	
Length of text: 524288
	 1024	 131611	 2047	 0	 0	 0	 130587	
	 2048	 168295	 4095	 0	 1	 1	 166247	
	 4096	 384905	 8191	 0	 2	 2	 380809	
	 8192	 47539	 16383	 0	 5	 5	 39347	
	 16384	 454246	 32767	 1	 10	 11	 437862	
	 32768	 292146	 65535	 1	 44	 45	 259378	
	 65536	 513998	 131071	 3	 77	 80	 448462	
	 131072	 302827	 262143	 2	 83	 85	 171755	
	 262144	 335460	 524287	 5	 151	 156	 73316	
	 524288	 524288	 1048575	 8	 391	 399	 0	
Length of text: 1048576
	 1024	 319063	 2047	 1	 0	 1	 318039	
	 2048	 475051	 4095	 1	 1	 2	 473003	
	 4096	 882441	 8191	 2	 2	 4	 878345	
	 8192	 478087	 16383	 1	 5	 6	 469895	
	 16384	 898214	 32767	 3	 22	 25	 881830	
	 32768	 292268	 65535	 1	 23	 24	 259500	
	 65536	 543516	 131071	 2	 37	 39	 477980	
	 131072	 816150	 262143	 4	 70	 74	 685078	
	 262144	 902183	 524287	 5	 167	 172	 640039	
	 524288	 738696	 1048575	 9	 435	 444	 214408	
	 1048576	 1048576	 2097151	 15	 1412	 1427	 0	
Length of text: 2097152
	 1024	 1137202	 2047	 1	 1	 2	 1136178	
	 2048	 263175	 4095	 1	 1	 2	 261127	
	 4096	 1313931	 8191	 2	 3	 5	 1309835	
	 8192	 2010749	 16383	 4	 5	 9	 2002557	
	 16384	 1147643	 32767	 5	 8	 13	 1131259	
	 32768	 1526962	 65535	 6	 39	 45	 1494194	
	 65536	 1275079	 131071	 5	 51	 56	 1209543	
	 131072	 1623916	 262143	 7	 105	 112	 1492844	
	 262144	 274689	 524287	 5	 124	 129	 12545	
	 524288	 1071816	 1048575	 10	 224	 234	 547528	
	 1048576	 1411080	 2097151	 17	 3057	 3074	 362504	
	 2097152	 2097152	 4194303	 33	 5231	 5264	 0	
Length of text: 4194304
	 1024	 158819	 2047	 0	 0	 0	 157795	
	 2048	 3915233	 4095	 6	 1	 7	 3913185	
	 4096	 2644917	 8191	 4	 2	 6	 2640821	
	 8192	 1290804	 16383	 4	 4	 8	 1282612	
	 16384	 1192902	 32767	 4	 8	 12	 1176518	
	 32768	 2531070	 65535	 8	 21	 29	 2498302	
	 65536	 1628958	 131071	 6	 74	 80	 1563422	
	 131072	 4182015	 262143	 15	 197	 212	 4050943	
	 262144	 1630876	 524287	 10	 165	 175	 1368732	
	 524288	 3093860	 1048575	 16	 308	 324	 2569572	
	 1048576	 2172885	 2097151	 19	 2674	 2693	 1124309	
	 2097152	 3650701	 4194303	 38	 6998	 7036	 1553549	
	 4194304	 4194304	 8388607	 63	 18403	 18466	 0	
