	 PATTERN LENGTH	 SEARCH INSPECT TIMES	 CONSTRUCT INSPECT TIMES	 SEARCH TIME(ms)	 CONSTRUCT TIME(ms)	 TOTAL TIME(ms)	 FOUND POSITION	
Length of text: 1024
	 1024	 2048	 2184	 0	 0	 0	 0	
Length of text: 2048
	 1024	 3680	 2157	 0	 0	 0	 783	
	 2048	 4096	 4388	 0	 0	 0	 0	
Length of text: 4096
	 1024	 4079	 2160	 0	 0	 0	 966	
	 2048	 7993	 4310	 0	 0	 0	 1866	
	 4096	 8192	 8715	 0	 0	 0	 0	
Length of text: 8192
	 1024	 13425	 2151	 0	 0	 0	 5399	
	 2048	 7594	 4319	 0	 0	 0	 1665	
	 4096	 13188	 8607	 0	 0	 0	 2363	
	 8192	 16384	 17255	 0	 0	 0	 0	
Length of text: 16384
	 1024	 6226	 2190	 0	 0	 0	 1987	
	 2048	 32264	 4361	 0	 0	 0	 13292	
	 4096	 28678	 8658	 1	 0	 1	 9700	
	 8192	 30774	 17303	 0	 0	 0	 6808	
	 16384	 32768	 34611	 0	 0	 0	 0	
Length of text: 32768
	 1024	 28212	 2220	 0	 0	 0	 12419	
	 2048	 68600	 4373	 0	 0	 0	 30425	
	 4096	 40981	 8640	 0	 0	 0	 15547	
	 8192	 21636	 17327	 0	 0	 0	 2476	
	 16384	 50775	 34698	 0	 0	 0	 8492	
	 32768	 65536	 69506	 0	 0	 0	 0	
Length of text: 65536
	 1024	 70632	 2154	 0	 0	 0	 32378	
	 2048	 32155	 4328	 0	 0	 0	 13251	
	 4096	 105540	 8664	 0	 0	 0	 45947	
	 8192	 95444	 17312	 0	 0	 0	 37361	
	 16384	 72456	 34773	 0	 0	 0	 18782	
	 32768	 93984	 69137	 1	 0	 1	 13441	
	 65536	 131072	 138810	 1	 0	 1	 0	
Length of text: 131072
	 1024	 230648	 2154	 0	 0	 0	 108045	
	 2048	 197844	 4337	 0	 0	 0	 91615	
	 4096	 16610	 8667	 0	 0	 0	 3981	
	 8192	 37074	 17279	 0	 0	 0	 9760	
	 16384	 77377	 34695	 0	 0	 0	 21109	
	 32768	 143968	 69242	 0	 0	 0	 37005	
	 65536	 146423	 138687	 0	 0	 1	 7260	
	 131072	 262144	 277244	 1	 0	 1	 0	
Length of text: 262144
	 1024	 348369	 2217	 1	 0	 1	 163670	
	 2048	 435028	 4325	 0	 0	 0	 203685	
	 4096	 473154	 8712	 0	 0	 0	 219620	
	 8192	 419231	 17351	 1	 0	 1	 190364	
	 16384	 350560	 34686	 0	 0	 0	 150181	
	 32768	 102456	 69464	 0	 1	 1	 17407	
	 65536	 214585	 138522	 0	 0	 0	 39421	
	 131072	 459695	 277463	 0	 1	 1	 93452	
	 262144	 524288	 554325	 1	 0	 2	 0	
Length of text: 524288
	 1024	 64057	 2160	 0	 0	 0	 29353	
	 2048	 243573	 4325	 0	 0	 0	 113446	
	 4096	 303054	 8655	 1	 0	 1	 139535	
	 8192	 491059	 17318	 0	 0	 0	 224196	
	 16384	 280562	 34599	 1	 0	 1	 117051	
	 32768	 901353	 69170	 0	 0	 1	 394900	
	 65536	 386854	 138630	 1	 0	 1	 121093	
	 131072	 1077808	 277205	 1	 0	 1	 385518	
	 262144	 815826	 554724	 1	 0	 1	 138005	
	 524288	 1048576	 1108715	 1	 1	 2	 0	
Length of text: 1048576
	 1024	 355901	 2145	 0	 0	 1	 167361	
	 2048	 2044928	 4361	 1	 0	 1	 964721	
	 4096	 359746	 8691	 0	 0	 0	 166069	
	 8192	 841305	 17282	 1	 0	 1	 390265	
	 16384	 1400631	 34695	 1	 0	 2	 646634	
	 32768	 1294043	 69326	 1	 0	 1	 580697	
	 65536	 1257645	 138570	 1	 0	 1	 532916	
	 131072	 1897455	 277277	 2	 0	 3	 772864	
	 262144	 867451	 554652	 1	 1	 2	 162301	
	 524288	 1276526	 1109501	 1	 1	 2	 107627	
	 1048576	 2097152	 2218128	 2	 2	 4	 0	
Length of text: 2097152
	 1024	 2741536	 2157	 2	 0	 2	 1294558	
	 2048	 2416413	 4337	 1	 0	 2	 1140877	
	 4096	 1778882	 8604	 1	 0	 2	 837066	
	 8192	 1071805	 17381	 0	 0	 1	 499095	
	 16384	 2039900	 34638	 2	 0	 3	 948840	
	 32768	 909525	 69230	 1	 0	 1	 398722	
	 65536	 205198	 138543	 0	 0	 1	 35071	
	 131072	 4136396	 277337	 3	 1	 4	 1831646	
	 262144	 4060274	 554481	 2	 0	 4	 1671813	
	 524288	 2065616	 1109099	 2	 0	 3	 480578	
	 1048576	 2611787	 2218866	 3	 2	 5	 243243	
	 2097152	 4194304	 4436141	 5	 5	 12	 0	
Length of text: 4194304
	 1024	 6208381	 2157	 4	 0	 6	 2933626	
	 2048	 2861489	 4319	 4	 0	 5	 1350839	
	 4096	 6139273	 8661	 5	 0	 7	 2899000	
	 8192	 2578828	 17285	 2	 0	 4	 1211379	
	 16384	 8234516	 34695	 7	 0	 9	 3877302	
	 32768	 8756938	 69194	 7	 0	 9	 4107813	
	 65536	 8670752	 138669	 7	 0	 9	 4036611	
	 131072	 1572969	 277004	 2	 0	 3	 619543	
	 262144	 7208141	 554376	 6	 0	 7	 3159519	
	 524288	 4552731	 1109771	 4	 1	 6	 1656769	
	 1048576	 6693823	 2217801	 6	 2	 9	 2172685	
	 2097152	 5541896	 4436153	 5	 3	 10	 636980	
	 4194304	 8388608	 8873340	 8	 5	 16	 0	
