	 PATTERN LENGTH	 SEARCH INSPECT TIMES	 CONSTRUCT INSPECT TIMES	 SEARCH TIME(ms)	 CONSTRUCT TIME(ms)	 TOTAL TIME(ms)	 FOUND POSITION	
Length of text: 1024
	 1024	 2048	 2130	 0	 0	 0	 0	
Length of text: 2048
	 1024	 3832	 2139	 0	 0	 0	 835	
	 2048	 4096	 4328	 0	 0	 0	 0	
Length of text: 4096
	 1024	 5259	 2127	 0	 0	 0	 1535	
	 2048	 4188	 4310	 0	 0	 0	 43	
	 4096	 8192	 8691	 0	 0	 0	 0	
Length of text: 8192
	 1024	 15014	 2136	 0	 0	 0	 6090	
	 2048	 11320	 4298	 0	 0	 0	 3393	
	 4096	 9138	 8622	 0	 0	 0	 443	
	 8192	 16384	 17384	 0	 0	 0	 0	
Length of text: 16384
	 1024	 11923	 2196	 0	 0	 0	 4657	
	 2048	 28667	 4343	 0	 0	 0	 11648	
	 4096	 12880	 8688	 0	 0	 0	 2206	
	 8192	 27104	 17315	 0	 0	 0	 5111	
	 16384	 32768	 34626	 0	 0	 0	 0	
Length of text: 32768
	 1024	 64028	 2145	 0	 0	 0	 29247	
	 2048	 6148	 4286	 0	 0	 0	 966	
	 4096	 54702	 8652	 0	 0	 0	 22022	
	 8192	 24556	 17363	 0	 0	 0	 3870	
	 16384	 43502	 34593	 0	 0	 0	 5085	
	 32768	 65536	 69416	 0	 0	 0	 0	
Length of text: 65536
	 1024	 51354	 2202	 0	 0	 0	 23336	
	 2048	 112431	 4298	 0	 0	 0	 51208	
	 4096	 110990	 8619	 0	 0	 0	 48615	
	 8192	 47958	 17315	 0	 0	 0	 14947	
	 16384	 100863	 34647	 0	 0	 0	 32129	
	 32768	 101513	 69380	 0	 0	 0	 16967	
	 65536	 131072	 138786	 0	 0	 0	 0	
Length of text: 131072
	 1024	 143918	 2139	 0	 0	 0	 67137	
	 2048	 53849	 4313	 0	 0	 0	 23510	
	 4096	 130177	 8682	 0	 0	 0	 57679	
	 8192	 44077	 17321	 0	 0	 0	 13107	
	 16384	 115722	 34713	 0	 0	 0	 39245	
	 32768	 182306	 69356	 0	 0	 0	 55259	
	 65536	 198377	 138693	 0	 1	 1	 31854	
	 131072	 262144	 276905	 1	 0	 1	 0	
Length of text: 262144
	 1024	 354522	 2196	 0	 0	 0	 166679	
	 2048	 280019	 4301	 0	 0	 1	 130490	
	 4096	 307701	 8649	 0	 0	 0	 141653	
	 8192	 82295	 17363	 0	 0	 0	 31154	
	 16384	 388847	 34575	 0	 0	 0	 168372	
	 32768	 395157	 69362	 0	 0	 0	 155716	
	 65536	 179256	 138603	 0	 1	 1	 22850	
	 131072	 513450	 277121	 0	 0	 0	 118684	
	 262144	 524288	 554667	 0	 1	 1	 0	
Length of text: 524288
	 1024	 36061	 2172	 0	 0	 1	 16030	
	 2048	 938362	 4313	 0	 0	 1	 441390	
	 4096	 429293	 8676	 0	 0	 0	 199089	
	 8192	 592145	 17273	 1	 0	 1	 272096	
	 16384	 360389	 34728	 0	 0	 0	 154944	
	 32768	 932471	 69482	 1	 0	 2	 410288	
	 65536	 728409	 138999	 1	 0	 1	 282305	
	 131072	 356306	 277082	 0	 0	 1	 44396	
	 262144	 1041056	 554394	 1	 1	 2	 244590	
	 524288	 1048576	 1108718	 1	 1	 2	 0	
Length of text: 1048576
	 1024	 1715512	 2160	 1	 0	 1	 809557	
	 2048	 627014	 4328	 1	 0	 1	 294677	
	 4096	 199266	 8616	 0	 0	 1	 90257	
	 8192	 154936	 17387	 0	 0	 1	 65508	
	 16384	 735505	 34680	 1	 0	 1	 332284	
	 32768	 1810579	 69287	 2	 0	 2	 825186	
	 65536	 1501999	 138912	 1	 0	 1	 647788	
	 131072	 1203041	 277076	 1	 1	 2	 444371	
	 262144	 1926498	 554400	 2	 0	 2	 662966	
	 524288	 1452366	 1108484	 1	 1	 3	 191011	
	 1048576	 2097152	 2218425	 3	 2	 5	 0	
Length of text: 2097152
	 1024	 836639	 2145	 1	 0	 2	 394716	
	 2048	 3693087	 4346	 3	 0	 4	 1744039	
	 4096	 3874161	 8628	 3	 0	 3	 1827161	
	 8192	 3727256	 17387	 3	 0	 3	 1753946	
	 16384	 732739	 34755	 1	 0	 1	 330805	
	 32768	 1419019	 69512	 1	 0	 2	 639660	
	 65536	 1419570	 138504	 1	 1	 2	 609173	
	 131072	 2169566	 277292	 2	 1	 3	 901625	
	 262144	 714910	 554190	 1	 0	 2	 90100	
	 524288	 2062210	 1109219	 2	 0	 4	 479139	
	 1048576	 3556341	 2218707	 3	 1	 5	 689714	
	 2097152	 4194304	 4436177	 5	 3	 10	 0	
Length of text: 4194304
	 1024	 150552	 2145	 0	 0	 1	 70100	
	 2048	 6907796	 4331	 6	 0	 8	 3263144	
	 4096	 2364482	 8652	 2	 0	 3	 1114503	
	 8192	 7041809	 17390	 6	 0	 8	 3321053	
	 16384	 1931715	 34674	 1	 0	 3	 897554	
	 32768	 5072462	 69071	 5	 0	 7	 2366024	
	 65536	 2058243	 138378	 2	 0	 4	 911189	
	 131072	 2124705	 277328	 2	 0	 4	 880678	
	 262144	 8813740	 554712	 9	 0	 11	 3918928	
	 524288	 5023631	 1109180	 5	 1	 8	 1879301	
	 1048576	 6686650	 2218377	 6	 1	 10	 2170102	
	 2097152	 7057686	 4436675	 7	 3	 13	 1353994	
	 4194304	 8388608	 8872122	 14	 277	 295	 0	
