	 PATTERN LENGTH	 SEARCH INSPECT TIMES	 CONSTRUCT INSPECT TIMES	 SEARCH TIME(ms)	 CONSTRUCT TIME(ms)	 TOTAL TIME(ms)	 FOUND POSITION	
Length of text: 1024
	 1024	 2048	 2166	 0	 0	 0	 0	
Length of text: 2048
	 1024	 3218	 2169	 0	 0	 0	 546	
	 2048	 4096	 4364	 0	 0	 0	 0	
Length of text: 4096
	 1024	 2435	 2172	 0	 0	 0	 186	
	 2048	 7323	 4328	 0	 0	 0	 1528	
	 4096	 8192	 8634	 0	 0	 0	 0	
Length of text: 8192
	 1024	 3925	 2181	 0	 0	 0	 883	
	 2048	 11685	 4346	 0	 0	 0	 3604	
	 4096	 13659	 8595	 0	 0	 0	 2579	
	 8192	 16384	 17252	 0	 0	 0	 0	
Length of text: 16384
	 1024	 23930	 2184	 0	 0	 0	 10326	
	 2048	 28236	 4382	 0	 0	 0	 11374	
	 4096	 33543	 8706	 0	 0	 0	 12002	
	 8192	 24997	 17333	 0	 0	 0	 4086	
	 16384	 32768	 34479	 0	 0	 0	 0	
Length of text: 32768
	 1024	 24306	 2190	 0	 0	 0	 10454	
	 2048	 14839	 4286	 0	 0	 0	 5073	
	 4096	 25342	 8691	 0	 0	 0	 8122	
	 8192	 58410	 17237	 0	 0	 0	 19855	
	 16384	 40893	 34593	 0	 0	 0	 3842	
	 32768	 65536	 69218	 0	 1	 1	 0	
Length of text: 65536
	 1024	 4127	 2148	 0	 0	 0	 984	
	 2048	 65185	 4340	 0	 0	 0	 28821	
	 4096	 75033	 8640	 0	 0	 0	 31679	
	 8192	 51271	 17336	 0	 0	 0	 16455	
	 16384	 40315	 34755	 0	 0	 0	 3574	
	 32768	 83922	 69428	 0	 0	 0	 8698	
	 65536	 131072	 138516	 0	 0	 0	 0	
Length of text: 131072
	 1024	 126778	 2190	 0	 0	 0	 58993	
	 2048	 15241	 4274	 0	 0	 1	 5247	
	 4096	 212235	 8670	 0	 0	 0	 96341	
	 8192	 95832	 17414	 0	 0	 0	 37567	
	 16384	 273503	 34614	 0	 0	 0	 113763	
	 32768	 137905	 69275	 0	 0	 0	 34158	
	 65536	 163375	 138495	 0	 0	 0	 15298	
	 131072	 262144	 277343	 0	 0	 0	 0	
Length of text: 262144
	 1024	 472734	 2181	 1	 0	 1	 222596	
	 2048	 285927	 4346	 0	 0	 0	 133237	
	 4096	 360482	 8715	 0	 1	 1	 166674	
	 8192	 459706	 17312	 0	 0	 0	 209568	
	 16384	 491838	 34683	 0	 0	 1	 217229	
	 32768	 369099	 69329	 0	 0	 0	 143476	
	 65536	 407663	 138750	 1	 0	 1	 130674	
	 131072	 316235	 277259	 1	 0	 1	 25652	
	 262144	 524288	 554562	 0	 1	 1	 0	
Length of text: 524288
	 1024	 278474	 2202	 0	 0	 1	 130587	
	 2048	 355943	 4313	 1	 0	 1	 166247	
	 4096	 814183	 8664	 0	 0	 1	 380809	
	 8192	 99404	 17336	 0	 0	 0	 39347	
	 16384	 959090	 34767	 0	 1	 1	 437862	
	 32768	 614526	 69281	 1	 0	 1	 259378	
	 65536	 1079935	 138738	 1	 0	 1	 448462	
	 131072	 625631	 277157	 1	 0	 1	 171755	
	 262144	 679617	 554940	 0	 1	 1	 73316	
	 524288	 1048576	 1109048	 1	 1	 2	 0	
Length of text: 1048576
	 1024	 674396	 2175	 1	 0	 1	 318039	
	 2048	 1004843	 4280	 1	 0	 1	 473003	
	 4096	 1866975	 8724	 1	 0	 1	 878345	
	 8192	 1010864	 17345	 1	 0	 1	 469895	
	 16384	 1898404	 34668	 1	 0	 2	 881830	
	 32768	 614995	 69419	 1	 0	 1	 259500	
	 65536	 1141752	 138624	 1	 0	 1	 477980	
	 131072	 1710708	 277508	 1	 0	 2	 685078	
	 262144	 1878145	 554418	 2	 1	 3	 640039	
	 524288	 1501596	 1109237	 2	 1	 3	 214408	
	 1048576	 2097152	 2217291	 2	 2	 4	 0	
Length of text: 2097152
	 1024	 2404820	 2154	 2	 0	 3	 1136178	
	 2048	 556062	 4310	 1	 0	 1	 261127	
	 4096	 2779146	 8598	 2	 0	 2	 1309835	
	 8192	 4252585	 17321	 3	 0	 4	 2002557	
	 16384	 2425906	 34605	 1	 0	 2	 1131259	
	 32768	 3225746	 69293	 3	 0	 4	 1494194	
	 65536	 2690615	 138879	 2	 1	 3	 1209543	
	 131072	 3420497	 277184	 2	 0	 3	 1492844	
	 262144	 550833	 554697	 1	 1	 2	 12545	
	 524288	 2205726	 1109132	 3	 1	 4	 547528	
	 1048576	 2863500	 2218245	 3	 2	 5	 362504	
	 2097152	 4194304	 4436651	 5	 3	 9	 0	
Length of text: 4194304
	 1024	 335791	 2133	 0	 0	 2	 157795	
	 2048	 8281915	 4313	 5	 0	 7	 3913185	
	 4096	 5594430	 8673	 5	 0	 7	 2640821	
	 8192	 2729604	 17360	 2	 0	 4	 1282612	
	 16384	 2521773	 34545	 2	 0	 3	 1176518	
	 32768	 5350710	 69311	 3	 0	 5	 2498302	
	 65536	 3437730	 138381	 3	 0	 4	 1563422	
	 131072	 8832288	 277034	 6	 0	 8	 4050943	
	 262144	 3419372	 554682	 2	 0	 4	 1368732	
	 524288	 6484318	 1108481	 5	 1	 7	 2569572	
	 1048576	 4475115	 2217600	 4	 2	 7	 1124309	
	 2097152	 7481555	 4436822	 7	 3	 12	 1553549	
	 4194304	 8388608	 8871435	 9	 6	 18	 0	
